2 8 11 12 13
7 8 9 10 11
0 6 8
5 6 8 13 16
14 15 16
3 16 17 19
2 3 8 17
1 9 17 32 33
0 1 2 3 6 12 13 16 17 23
1 7 11 12 23 24 32 33 37 47
1 33 37 45 46
0 1 9 46 47
0 8 9 22 23 26 47
0 3 8 16 22
4 16 21 22
4 19 20 21
3 4 5 8 13 14 19 20 22 23
5 6 7 8 19 23 32
31
5 15 16 17
15 16 22 23 28
14 15
12 13 14 16 20 26
8 9 12 16 17 20 26 28 32
9 26 28 29 32 36 37 47
27 47
12 22 23 24 28 47
25
20 23 24 26
24 31 32 36

18 29
7 9 17 23 24 29 36
7 9 10 36 37


24 29 32 33
9 10 24 33 45 46 47
45
45 46

43

41

10 37 38 39
10 11 37 39
9 11 12 24 25 26 37
