2 3 7 12 13
13 16 24 25
0 12 24 25 47
0 6 12


3 8 12
0 12 13 14
6 11 12
11 12 13 17 23 24 46
46
8 9 45 46 47
0 2 3 6 7 8 9 24 47
0 1 7 9 15 16 17 24
7
13 17
1 13 20 23 24 26 29
9 13 15 19 20 23

17 21 22
16 17 22 23 28 29 32
19 32 37
19 20 28 36 37
9 16 17 20 26 27 28 46
1 2 9 12 13 16 26 46 47
1 2
16 23 24 28 29
23 34 36 43 44 46
20 22 23 26 32 33 34 36 37
16 20 26 32
32 33
33
20 21 28 29 30 37
28 30 31 37 38 41
27 28 36 38 41 42 43
38 39 42 43
22 27 28 34 38
21 22 28 32 33
33 34 35 36 40 41
35 41 42
38
33 34 38 39
34 35 39
27 34 35
27 46
11 47
9 10 11 23 24 27 44
2 11 12 24 45
