2 3 4 5 6 7 11
7 24 37 38 39 41 42
0 11 17 22 23 24 37
0 11 12 17
0 6
0
0 4 9 10 11
0 1 9 11 24 43 44
10 11 24 25 26 44 45 46 47
6 7 44
6 8 47
0 2 3 6 7 8 23 24 47
3 15 16 17 23 47
15 16 28 47

12 13 18
12 13 18 20 23 28 29
2 3 12 20 22 23
15 16 20

16 17 18 22 29
29 30 31
2 17 20 29 32 37
2 11 12 16 17 26 28 29 32 47
1 2 7 8 11 26 32 36 37
8 35 36 44 45
8 23 24 28 32 33 35 46 47
33 46
13 16 23 26 33 47
16 20 21 22 23 31 32 33
21
21 29 33 34
22 23 24 26 29 35 36 37
26 27 28 29 31 35
31
25 26 32 33
24 25 32 38
1 2 22 24 32 39
1 36 40 42
1 37 41
38 42
1 39
1 38 40
7
7 8 9 25
8 25
8 26 27
8 10 11 12 13 23 26 28
