2 3 8 19 47
6 7 8 19
0 4 6
0 6 8 9 46 47
2 6 10
10
1 2 3 4 8 9 10 11
1 11 12 13 15 16 17
0 1 3 6 12 17 19 20 23 47
3 6 11 12 23 45 46
4 5 6
6 7 9 13 14
7 8 9 17 22 23 26 28
7 11 15 16 28
11
7 13
7 13 28 29 30
7 8 12 19 20 21 22 28 29
21 29
0 1 8 17
8 17 22 23 37 47
17 18 29 32 33
12 17 20 26 27 28 32 33 37 38
8 9 12 20 25 26 37 45 46 47
37 42 46 47
23 37 38 42 43 44 45
12 22 23 38 45
22 32 38
12 13 16 17 22 31 32
16 17 18 21 31 32
16
28 29
21 22 27 28 29 34
21 22 35 36 37 38 39
32
33 39
33 39 40
20 22 23 24 25 33
22 25 26 27 33
33 35 36
36

24 25
25
25
9 23 25 26
3 9 23 24
0 3 8 20 23 24
