2 6 7 8 16 17 20
4 5 6
0 4 6 17 18

1 2
1
0 1 2 18 19 20
0 20 23 28
0 16 23 28 29 30
11 12 16 23 24 29
12 25
9 13 14 15 16 22
9 10 22 23 24 25 26
11 22
11
11 17 21 22
0 8 9 11 20 22 23
0 2 15 20 21
2 6 20 21
6
0 6 7 16 17 18 22 23
15 17 18
11 12 13 15 16 20
7 8 9 12 16 20 27 28
9 12 26 27 28 29 32 33 37
10 12 37 47
12 24 33 47
23 24 33
7 8 23 24 30 31 32
8 9 24 32 38
8 28
28
24 28 29 35 36 37 38
24 26 27 35 37 46 47
46
32 33 45 46
32 38 43 44 45 46
24 25 32 33 39 46 47
29 32 36
37
42
43
40
36 41 45
36
35 36 43
33 34 35 36 37
25 26 33 37
