2 3 5 6 7 8
8
0 8 9
0 6 7 9 11 13
6 13
0
0 3 4 12 13 24 25
0 3 9 11 12 19 24
0 1 2
2 3 7 11

3 7 9 13
6 7 15 16 17 24
3 4 6 11

12 31 32 33
12 22 23 24 25 26 28 32 33
12 19 20 21 22 24 33
21
7 17 24
17 22 23 24
17 18 34
16 17 20 28 33 34 37
16 20 25 27 28
6 7 12 16 17 19 20
6 16 23 27
16 28 32 46 47
23 25 47
16 22 23 26 32 37 47
32 37 38 41 43 44 46 47
32 41 45 46
15
15 16 26 28 29 30 37 46
15 16 17 22 37
21 22 36 37

34 38 39 40
22 28 29 32 33 34 41
29 36 40 41 42 43
36
36 38 42
29 30 37 38
38 40
29 38
29 46 47
30
26 29 30 32 44
26 27 28 29 44
