2 3 7 9 12 13
13
0 4 9
0 5 6 7 8 9
2
3 37 47
3 8 23 24 33 36 37 47
0 3 12 21 22 24
3 6 11 12 22 23 29 47
0 2 3 11 12 13
13 14 16
8 9 16 17 29
0 7 8 9 16 17 20 22
0 1 9 10 16
10 16

10 11 12 13 14
11 12 19 20 22 28 29
28
17 28
12 17 22
7 24
7 8 12 17 20 24 25 28 29
6 8 25 26 29 30 32 33 46 47
6 7 21 22 33
22 23 27 28 32
23 28 29 30 31 32
25
17 18 19 22 25 26
8 11 17 22 23 26
23 26 46 47
26 45 46
23 25 26 45 46
6 23 24 36 37 39 46
36 39

6 33 34
5 6 33 39 46 47

33 34 37 45 46
42 43 44 45

40
40
40
31 32 39 40
23 30 31 32 33 37 39
5 6 8 23 30 37
