2 3 4 6 24 25
24
0 16 17 24
0 6 13 16
0 6
12 13
0 3 4 12 13 16 24 25 26
9 12 16 20 22 23 24 26 27 29
12 13 15 16 20
7 11 12 22 29 30 31
12
9 26 29 30
5 6 7 8 9 10 26
3 5 6 8 15 16

8 13
2 3 6 7 8 13 20 24
2 19 20 23 24

17 21 23 33
7 8 16 17 22 23
19 32 33
7 9 20 28 29 31 32 33 37
7 17 19 20 27 28 33
0 1 2 6 7 16 17 27
0 6 27
6 7 11 12 29
7 23 24 25 29
22 23 33 37 45 46 47
7 9 11 22 26 27 37
9 11 37
9 22 37
21 22 34 35 36 37 47
19 21 22 23 28 47
32 47
32
32 38 47
22 28 29 30 31 32 46 47
36 46
46
42

40


28
28 37 38 39
28 32 33 34 36 37
