2 3 11 12 14
11
0 4 9 10 11
0 5 6 9 12
2 9
3
3 9 12
12 13
11 12 13 17 20
2 3 4 6 11 12
2
0 1 2 8 9 14 17
0 3 6 7 8 9 14
7 8 16 17 20 37 38
0 11 12 16 17
23 27 47
13 14 22 23 33 37 38 46 47
8 11 13 14 19 20 22 23
23 24 26
17 22 24
8 13 17 22 37
37
16 17 19 20 24 32 33 37
15 16 17 18 26 27 28 32 47
18 19 22 26 29 30 32
29
18 23 24 28 29
15 23
23 26 32 47
24 25 26 32
24 32

22 23 24 28 29 30 47
16 22 36 37 46 47
36 44 45 46
44
33 34 38 39 44 46
13 16 20 21 22 33
13 16 36 40 46
36 41 42 44 45 46
38
39
39 44 45

34 35 36 39 42
34 39 42
16 33 34 36 38 39
15 16 23 28 32 33
