2 3 12 13 16 17 46

0 4 5 11 12
0 5 6 7 12 16 17 23 24 26
2 17 18 23
2 3 11 24
3 9 11 12 24 25
3 12 13 15 16 25 26
12 13 14
6 11 12

2 5 6 9
0 2 3 6 7 8 9
0 7 8 15 16 38 41 46
8 38
7 13 29 37 38
0 3 7 13 26 28 29 37 46 47
0 3 4 19 22 23 28 47
4 22
17 22 47
22 28 33 47
27 28 32
17 18 19 20 28
3 4 17 26 27 28
3 5 6 26
6 7
3 7 16 23 24 28 29 30
21 23 30 31 32
16 17 20 21 22 23 26 32 33 47
15 16 26 32 33 37
26 27 32
27
21 27 28 29 30 34
20 28 29 35 36 37 47
32
33
33 47
15 16 29 33 46 47
13 14 15 40 41 46

38 42 43 44 45
13 38 45 46
40 45
40
40
40 41 42
0 13 16 37 38 41
16 17 19 20 28 33 36 37
