3 6 12
12
11 12
0 5 6 7 11 12

3 7
0 3 9 12 13 23
3 5 9 11 23
11 24 44 45 46
6 7 11 12 13 17 22 23 24 46
12 14 17 38 39 45 46
2 3 7 8 9 44 45
0 1 2 3 6 9 10 14
6 9 16 17 21 22
10 12 16 17

13 14 18 20 21
9 10 13 14 20 22 37 46 47
16 20 29 37
29
16 17 18 22 28 29 47
13 16
9 13 17 20 24 26 47
6 7 9 25
8 9 22 26 33 46 47
23
22 24 28 32 47

20 26 31 32 47
18 19 20 31 35 37 47
35 36
28 29 35
26 28 35 47
24 35 46 47

29 30 31 32 33 37 47
30
17 18 29 35 46 47
10 40 45 46
10
38 42 43 45

40
40 45
8 11
8 10 11 38 40 43
8 9 10 17 24 33 37 38
17 20 22 24 26 28 29 32 33 35 37
