2 3 9 11 12
11
0 12 22
0 5 6 7 12

3
3 12 22 23 24
3 9 12 13 14 24
14 15
0 7 11 12 13 15 16
16
0 1 9 16 17
0 2 3 6 7 9 17 22 23
7 9 15 16 17 23 24 26 45 46
7 8 24 25 45
8 9 13 45
9 10 11 13 46 47
11 12 13 20 23 28 29 46
20 29 33
21 33 34
17 18 22 23 28 33
19
2 6 12 20
6 12 13 17 20 26 27 28
6 7 13 14 26
14 44 45
13 23 24 28 37 38 44 45 46
23 36 38
17 20 23 26 32 33 36 37 46
17 18 32 33 46 47
32 37 46 47
37
28 29 30 35 36 37
18 19 20 28 29 35
19
32 33
27 28 32 38
26 28 30 31 32 44 46
26 27 36 43 44
41 43
43
39 43

38 39 40 41
25 26 37 38
13 14 15 25 26
13 16 17 26 28 29 30 37
16 29 30
