2 3 7 8 17
7
0 4 6 7
0 6 8 9 11 12 17 18
2 6 10 11
10
2 3 4 8 9 10
0 1 2
0 3 6 16 17
3 6 11 12 13 16 47
4 5 6 47
3 4 9 19 24 47
3 9 16 17 18 19 20 23 24
9 16 23 24 46 47
16 23 30

8 9 12 13 14
0 3 8 12
3 12 20
11 12 21 22 24 41
12 18 22 23 29
19 37
19 20 24 25 28 29 37 41
12 13 14 20 25 26 29 30
11 12 13 19 22 41 42 46 47
22 23 27 28 42 46
23 28 29 30 32
25
22 25 26 32 36 37 38
20 22 23 26 31 32 33 37
14 23 26
29 33
26 28 29 34 36
29 31 36 37
32 36

28 32 33 34 38
21 22 28 29 33
28 36


19 22 24
24 25 46
45 46

43
13 24 25 42 43
9 10 11 13 24
