2 3 4 8 13

0 5 6 8 9
0 5 6 7 8 12
0
2 3
2 3 9
3 9 10 12
0 2 3 10 11 12 13
2 6 7
7 8
8 13 14
3 7 8
0 8 11
11

18 23 28 29
22 29
16 22 23
22 23 47
22 26 33 46 47
26 30 32 33
17 18 19 20 26 29
16 18 19 26 28 29 47
26 27 28 42 44 47
27 32 38 44 46
20 21 22 23 24 29 30 32 46 47
24 25 29 30
16 23 24
16 17 22 23 26 27
21 26 27 32

21 25 26 30 37 46
20 21 35 37 46

33 37

32 33 35 46
25 44 46
44 45
42 43 44 45
45 47
24 40 44 47
40
24 25 38 39 40 42 46 47
39 40 41 47
20 25 26 32 33 37 38 44
19 20 23 24 26 41 42 44 45
