3 9 12 13 29
3 4 29 30 37
4 22 27 28 37
0 1 6 9 12 16 17 22 28 29
1 2 6 9

3 4 8 9 16 21 22
16 19 20 21
6 11 12 15 16
0 3 4 6 11 12

8 9
0 3 8 9 14 15 16 17
0 17 29
12 17 18
8 12 18 19
3 6 7 8 12 18 19 20 22 23
3 12 13 14 23 28 29 33
14 15 16 23
7 15 16
7 16 22 23
6 7
2 3 6 16 20 24 28
16 17 18 20 25 28 33
22 26 27 28
23 33 46
24 28 32 33 38 39 40 46 47
2 24 37 38 39
2 3 17 22 23 24 26 32 33 37
0 1 3 13 17 31 32 37
1 36 37
29 35 36
26 28 29 34 35 36 37 38 47
17 23 25 26 28 45 46
32 45 46 47
31 32 47
30 31 32 38
1 2 27 28 29 30 32
26 27 32 36 47
26 27
26 46 47



46
33 34
25 26 33 34 40 44
26 32 34 35 38 40
