2 3 8
9
0 5 6 8 9
0 5 7 8
7
2 3 7
2 8 9 12 13 14
3 4 5 12
0 2 3 6 11 12
1 2 6 11 13 14
13 15
8 9 13
6 7 8
6 9 10 11 15
6 9
10 13



21 24
22 23 24
19
20 24 27 28 33 42
20 25 26 28 29 31 32 33
19 20 22 26 27
23 30 31
23 24 28 29 30 44 45 46
22 24 42 43 44
22 23 26 33 37 38 39 42 44 47
23 26 31 32 37 46 47
25 26 46
23 25 29
23 29 34 37
22 23 28 37 38
32 37
37 38
38 39 47
28 29 32 33 34 35 47
28 33 35 36 42
28 36 42 43 44 47
42 43

22 27 28 38 39 40
27 39 40
26 27 28 39 46 47
26
26 29 30 44
28 29 36 37 39 44
