2 3 11 12 13
11
0 5 6 9 11
0 6 7 8 9 12 13
6 7
2
2 3 4 9 17
3 4 17 33
3 12 14 15 16 17 33
2 3 6 11 12 16 17
12 15 16
0 1 2 9
0 3 8 9 10 14 15
0 3
8 12
8 10 12
8 9 10 37
6 7 8 9 32 33 37
31 32
21 24 25 31 32
24 32 34 36
19 24 26
24 26 27 28 46
28 29 30 40 42 46
19 20 21 22 26 29 30 31 36
19 29 31
21 22 24 28 29
22 45
22 23 26 42 43 45 46 47
23 24 25 26 42
23 24 36 38 39 40
18 19 24 25 36 37
17 18 19 20 34 36 37
7 8 17 37
20 32 36

20 24 30 31 32 34 38
16 17 31 32 33
30 36
30
23 30 42

23 28 29 40 47
28 47
47
27 28 47
22 23 28
28 42 43 44 45
