6 7 11 12
3 11 12 14
11 13 14 15 20 24 25
1 6 11 25 26
6

0 3 4 8 11 26
0 9 10 11
6 26
7 11 24 26 28 37 46 47
7 12 13 37 38 46
0 1 2 3 6 7 9 13 24 26
0 1 10 14
2 10 11 15 16 24 37 38 41
1 2 12
2 13 20 41
13 18 20 23 24 37 41
23 28 29 30 31 32 37
16 23 30
22 23
2 15 16 22 23 24 25
25
19 20 25 27
16 17 18 19 20 27 28 29
2 9 11 13 16 20 26 27 28 37
2 3 20 21 22 27
3 6 8 9 11 24
22 23 24 25
9 17 23 24 32 33 37 47
17 23 31 33
17 18
17 29 33 34
17 28 34 35 36 37 46 47
28 29 31 47
31 32
32 45
32 38 43 45 46
9 10 13 16 17 24 28 32 46
10 13 36 41 42 43
42 43
42
13 15 16 38
38 39 40
36 38 39

35 36
9 10 32 36 37
9 28 32 33
