2 3 5 6 17 20
17 18 19
0 19 20
0 5 20

0 3
0 9 10 17 20 21
9 11 13 15 17
11 12 13 15 16 33 36 38
6 7 11 16 17 21 22 23 33
6 21
7 8 9
8
7 8 15

7 8 13 17 18 38 39
8 9 18 23 24 32 33 37 38 47
0 1 6 7 9 15 19 20 23
1 15 16 24 39 47
1 2 17 23 24 25
0 2 3 6 17 23 26
6 9 10 23 26 27
9 27 28 32 33
9 16 17 19 20 21 25 26 28 32
16 18 19 29 32 45 46 47
19 23 28 29
20 21 23 28
21 22
22 23 25 26 31 32
24 25 31 32 46
46
28 29
16 22 23 24 28 29 37 46
8 9 16 22 36 37
36 37

8 33 34 38
16 32 33 34 46 47
8 15 16 36 47
15 18 41 47

39

45

24 43 47
24 29 30 32 37
16 18 24 37 38 39 45
