2 6 16 17 18

0 15 16
6 12 15 16
12
7 12
0 3 12 16 17
5 11 12 13 17 20
11 20 23 31
11 23 24 32 33 46
24 25 26 46
7 8 9 13 23 26
3 4 5 6 7 14 16
7 11 16 17 20 22 23 26
12 16 26
2 3
0 2 3 6 12 13 14
0 6 7 13 19 20 21
0
17 21
7 8 13 17 22 23 31
17 19
13 20 28 29
8 9 11 13 20 26 28 29 31 32
9 10 26 28 32 37 38 45 46 47
10 27 38 45
10 11 13 14 23 24 28
25 38
22 23 24 26 37 38
22 23 31 32 37

8 20 23 29
9 23 24 29 37 47
9 46 47
44 46 47
47
47
24 28 29 32 47
24 25 27 28 45
41 45

39


34 46
24 25 38 39 47
9 10 24 33 34 44
24 32 33 34 35 36 37 45
