2 3 8 12 24 26 27

0 7 27
0 6 7 8 11 12 27 28
6 11
10
3 4 8 9 10 11
2 3
0 3 6 12 23
6 11 12 13 16 17 23
5 6 16
3 4 6 9 13 28 30
0 3 8 9 20 23 24 26 28 29
9 11 16 17 19 20 29 30
16 18 19
18
9 10 13 14 18
9 13 19 20 22 23
14 15 16
13 14 17 21
12 13 17 22 23 24 29
19
17 20
8 9 12 17 20
0 12 20 26
46
0 12 24 28 29 33 46 47
0 2 3 47
3 11 12 26 30 32 47
12 13 20 26 32 33 34
11 13 28 32
34 36
28 29 30 34 36 37 47
26 29 37 38 46 47
29 31 32 36

31 32 34
32 33 45 47
33 40 44 45 46
41 42 43 44
38
39
39
39
38 39 46
37 38 47
25 26 33 38 44
26 27 28 32 33 37 45
