2 3 4 5 6 7
4 22
0 7 22 23
0 5 7 12 17 20 21 22 23
0 1 21 22
0 3 12
0 10 11 12
0 2 3 9 11 12 17
11 13 16 17 25
7 11
6
6 7 8 9 13
3 5 6 7 17 18
8 11 15 16 17 18
18
13 18 28 29 30
8 13 24 25 26 28 29
3 7 8 12 13 20 23 24 29
12 13 14 15 20 29 30
30
3 17 18 23 29 37 38
3 4 38
1 2 3 4 38
2 3 17 20 37 38 46
16 17 26 29 32 37 46
8 16
16 24 28 32
32
15 16 26 31 32
15 16 17 18 20 24 31 32 37
15 18 19
28 29 36
24 26 27 28 29 36 37
36 37 46 47
36 47

31 32 33 34
20 23 24 29 32 33 46 47
20 21 22 23 47
42 47
42 43
43
39 40 44 45 47
40 41
42
42 47
23 24 33 37
33 34 37 38 39 42 45
