2 12 24 26
6 11 12
0 6 26
6 7 26 27 28
6 7
8 11
1 2 3 4 8 11 12 17 26
3 4 17 28 29
5 6 11 16 17 18
11 15 16
13 14 15
1 5 6 8 9 13 16
0 1 6 16 17 20 24 26
10 11 15 16
10
9 10 13
8 9 11 12 13 18 19 20
6 7 8 12 20 23 26 28 29 30
8 16 29 30
16 30
12 16 17 22 23 24 30

20 24 32 47
17 20 25 26 28 30 32 37 46 47
0 12 20 22 26
23 27 46 47
0 2 3 6 12 17 23 24 28
3 25 45 46
3 7 17 23 26 37 45 46
7 17 18 37 38
17 18 19 20 23 32 37 38
38
22 23 30 37 47
37 46 47
36
41 44
34 38 39 41
23 28 29 30 32 33 46
29 30 31 36
36

35 36 44
44
45
35 41 42
27 28 43
23 25 27 28 33 37
22 23 25 32 33
