2 3 4 7 8 9
4
0 9 10
0 5 6 7 9 11 12 22
0 1 7
3 22
3 12 22 23 26
0 3 4 12 13
0 12 13 14 15 46
0 2 3 11 12 45 46 47
2 44 45
3 9 17 18 21 22 23 45
3 6 7 8 9 16 17 23 26 46
7 8 15 16 26
8
8 13 34 46
12 13 26 27 28 33 34 46
11 12 20 23 28 33 36 37 45 46
11 20 21 37 39 45
21 38 39
17 18 23 24 28 29 32 37 38
11 18 19 23 24
3 5 6 11
6 11 12 17 20 21 25 26 28
20 21 29
23 28 29
6 12 13 16 23 28
16
16 17 20 23 25 26 32 33
20 24 25 32
32

20 28 29 30 37 38
16 17 28 36 37
15 16 36 46
46 47
17 33 34 45 46
17 18 20 32 33 39
19 20 32
18 19 37 41

39
44

10 42 47
9 10 11 17 18 36 47
8 9 12 15 16 17 34 35 36
9 35 44 45
