3 10 11
3 9 10
4 6 7 9 20
0 1 6 9 11 12
2 6

2 3 4 12 16
2 9 12 16 17 18 19 20 24
12 13 17 23 24 27 28
1 2 3 7 11 12 20 23
0 1
0 3 9
3 6 7 8 9 15 16
8 15 16 17 27 47

12 13
6 7 12 13 18 47
7 8 13 24 25 26 27 46 47
7 16 25
7 21 24 25 33
2 7 9 22 23 24
19 33 34
20 24 29 33 34 35 36
8 9 20 28
7 8 17 19 20 22 26 28 29 33
17 18 19 32 33
17 24 28 29 31 32 46
8 13 17 45 46
8 23 24 26 30
22 24 26 31 32 33 36 37
28
26 29 41 42
25 26 29 37 41 42
19 21 22 24 25 29 37
21 22 36 37 38
22
22 29 34 38
29 32 33 34 39 41
34 36
37 41

31 32 37 39
31 32

46
27
17 26 27 44
13 16 17
