2 3 7 8 17
8 27 28
0 17 18 28
0 6 16 17
16
12 16
3 11 12 16 17
0 9 10 11 17
0 1 17 24 25 27 28
7 11 24 25
7
6 7 9 13 17 24
5 6 15 16
11 15 16 17 18 23 24 29
23
12 13
3 4 5 6 12 13 18
0 2 3 6 7 8 11 13 24 28
2 13 16 28 29
28 29 30 32 33
22 26 29 30 31 32 33 37 46 47
30 31 38 47
20 26 29 47
13 14 29
8 9 11 13 17 26 28 29
8 9 27
20 22 24 28 29 33 46
1 8 25 33 34
1 2 8 17 18 19 24 26 33
13 18 19 20 22 23 24 26
19 20 21
20 21 37 38
19 20 35 36 37
19 20 26 27 28 35 46
27 46
32 33 37 46
32 40
20 31 32 35 40 46 47
21 31 47
41
36 37
39



47
20 26 33 34 35 37
20 21 22 37 38 45
