6 7 12 23 24 25 26
6 12 17
12 13 17 18
6 8 9 12 13
6

0 1 3 4 8 12
0 25 26 46
3 6 11 12 26 46
3 11 13
13 14
8 9 13 16 26 27 28
0 1 2 3 6 8 16 17 23 26
2 3 9 10 11 16 18
10 16 18
19 20 31
11 12 13 14 18 19 20 23 28
1 2 12 19 22 23
2 13 14 16
15 16 17 21 22
15 16 22 23 28 31 32 33
19 34
17 19 20 33 34
0 12 16 17 20 26 28 33 37
0 33 37 38
0 7 37 38 47
0 7 8 11 12 23 28 37 46 47
11 29 46 47
11 16 20 23 26 31 32 37
27 32 37 47
32
15 20 28
20 28 29 30 36 37
20 22 23 24 35 36 37
21 22
33
32 33 38 39
23 24 25 26 28 29 32 33 47
24 25 36 40
36
38 42 43
43
40
40 41

47
7 8 26 27
25 26 27 29 37 45
