2 3 4

0 4 10 13
0 5 6 10 12 13
0 2
3 10
3 8 9 10 11 12
11 12 16 17 21 22
6 16 17 28
6 11 15 16 28
2 3 5 6 13 14
6 7 9 13 14 15 16 22
3 6 7
2 3 10 11
10 11
9 11 23 27
7 8 9 11 20 22 23 27 28 29
7 8 20 21 29
20 21 32
32 33 34 47
16 17 18 22 23 26 29 32 47
7 17 18
7 11 16 20
15 16 20 26 27 37 47
26 27 37 46
30 31 45 46
20 23 24 29 30 31 32 33 46 47
15 16 23 24 29 30
8 9 16
16 17 20 26 27 32
25 26 27
25 26 33
18 19 20 26 29
19 26 31 46 47
19 36 47
47
34 46 47
23 24 39 46 47

37





25
24 25 26 33 36 37
19 20 23 26 33 34 35 36 37
