2 3 6 7 8
7 19
0 7 17 18 19
0 5 6 17

3 15 16 17
0 3 8 11 13 15 17
0 1 2 9 10 11 17 18
0 6 13
7 11 12 13
7 18
6 7 9 13 15 16 17
9 14
6 8 9 11 15
12
5 6 11 13
5 11
2 3 5 6 7 11
2 7 10
1 2
22 24
24 27
20 24 28
25 28 29 47
20 21 22 26 27 28
23 47
24 28 33 47
21 24
22 23 24 26 32 33 47
23 31 32 37 46 47
46
29 37
28 29 36 37
26 28 36 37 39 47
36 38 39 40
38
32 33 34 38
29 31 32 33 39 45 46 47
34 35 36 40 42 45
33 34 37 41 45 47
34 38 42
39 44 45
38 40 44 45

41 42
37 38 39 41 42
29 30 37
23 25 26 28 29 33 37 39
