6 7 12 20 33 38
3 6 12
11 12 14 15 16
1 6 10 11
10
9 10 45
0 1 3 8 9 10 11 12
0 9 20 21 38 45 46
6 11 12 17 20 21 22 23 24 47
5 6 7 24 45 46 47
3 4 5 6 24
2 3 6 8 16 23 24
0 1 2 6 8 16 17 20 33
16 17 29 32 33
2 16
2
2 11 12 13 14 23 28
8 12 13 19 20 22 23 28 29 32
22 27 28 29
17 21 22 32
0 7 8 12 17 32 33 37 38
7 8 19 46 47
8 17 18 19 26 27 47
8 11 16 17 26 27 28
8 9 10 11 26 47
47
22 23 24 47
18 22 23
16 17 18 23
13 17 18 31 32

29
13 17 19 20 29 37
0 12 13 20 37
36 37

34
20 32 33 34
0 7 20
41

39



5 7 9
7 9 21
8 9 21 22 24 25 26
