2 3 8

0 4 5 7 8
0 5 6 8 9
2
2 3 7
3 8 9 12 13
2 5 12
0 2 3 6 11 12
3 6 11 13
13
8 9 13 14
6 7 8 14
6 9 10 11
11 12

18 24 25 26
19 23 26 28
16 23 24
17 23
22 23 28
29 30
20 28 29 30 31 32 37 46 47
17 18 19 20 26 28 46 47
16 18 26 40 46
16 39 40 41
16 17 23 24 28 37 39 46
36 37
17 20 22 23 26 37
21 22 33 36 37
21 22 32 33
22 45 47
22 30 37 38 45 46
29 30 35 36 37 38
36
33 38
27 29 33 34
22 26 27 28 29 32 33 39 46
32 33 35
25 26 37 41 46
24 25 42 43 46
25 39
40
40 45

31 32 43 47
22 23 24 26 32 37 39 40
22 23 31 45
