2 7 9 10 11

0 4 7 11
6 11
2 6 7
7
3 4 8 11 13
0 2 4 5 11
6 11 12 13
0 11 12
0
0 2 3 6 7 8 9
8 9
6 8


18 21 22 23
20 23 32
16 20 21
21 42 43
17 18 23 24 32 33 42
16 18 19 23 24 25 43
16 25 26
16 17 20 21 26 29 32
20 21 26 29 33 42 43 45 46
21 22 43 44 45
22 23 24 28 29 45
45
26 45 46 47
23 24 26 32 33 37 46 47
37 47
37
17 20 23 29 37
20 24 29 37 38 40 42 46
36 37 38 39 40 46 47

34 47
29 30 31 32 33 34 47
33 34
34
33 34 42 46

19 20 24 33 40
19 21 24 25
25
24 25 26 27 28
24 28 29 33 34 40
28 29 30 34 36 37
