2 3 7 11
7
0 4 6 7
0 6 10 11
2 6
9 10 19 21
2 3 4 8 9 10 11
0 1 2 11
6 11 12 13 16
5 6 13 16 17 19 21 37
3 5 6 13
0 3 6 7 8 13
8 14 15
8 9 10 11 15 16 36 40
12 40
12 13 36
8 9 13 25 36 37
9 19 20 26 37
20 29
5 9 17 21
17 18 22 23 26 29 37
5 9 19 37
20 24 37 38 44 46
20 26 28 29 30 32 33 46
22 26 33 34 35 37 38 46 47
16 34 35 36 37
17 20 23 24 29 33 37
29 33
23 30 31 32 33
18 20 23 26 27
23 28
28
23 28 46 47
23 24 26 27 28 47
24 25 47
24 25 38
13 15 16 25 38 40
9 16 17 20 21 22 24 25 26
22 24 35 36 44
41 42 43
13 14 36
39
39
39
22 38 46

22 23 24 32 44
24 32 33 34
