2 3 5 6 9 10 11
5
0 4 5
0 6 9 16
2 6
0 1 2
0 3 4 9 12
9 12 16
13 14 15 16 17
0 3 6 7 11 12 13 14 16
0 14
0 9 13
6 7 9
8 9 11
8 9 10
8 17
3 7 8 9
8 15

43
22 24 46 47
24
20 24 26 34 46
26 28 29 32 33 34 35 37 46 47
20 21 22 26 29 47
27 28 29
22 23 24 28 35
25
23 25 26 35 36 37
23 24 25 31 37 47
47
29 37 38 47
23 37 38 39 42 45 46 47
23 35 36 37 45
22 23 44 45 46
23 26 28 33
28 33
23 28 29 31 32 33
31 32
32 41 42

39
32 39 45 46
19 46
34 46
32 33 34 42
20 22 23 32 34 42 43 44
20 23 24 29 30 31 32
