2 3 4 7 12 13

0 12
0 5 6 7 8 11 12
0 7
3
3 8 9 25 26
0 3 4 13 24 25
3 6 11 12 13 16 17 23 24 26
6 11 17 20 26 27 28
19 20
3 8 9 17 18 19
0 2 3 8 16 18
0 7 8 16 24
16 23 24
22 23
8 12 13 14 18 23
8 9 11 19 20 21 22 23 28
11 12 16
10 11 17 21
9 10 17 28 46 47
17 19 47
15 17 28 33 34 47
8 14 15 16 17 26 28 29
7 8 13 14 26
6 7
6 8 9 23 24 28 29
9 32 46
9 17 20 22 23 26 32 33 46 47
23 26 32 33
32 36
36 38
27 28 29 30 36 37 46
22 28 29 35 36 37 47
22
33
30 31 32 33 38
32 33 39 40 46 47
31 36
37 44 45
37 44 45 46 47
43 44

41
39 40 41
39 40
20 27 28 32 37 40
20 21 22 28 33 37 40
