3 6 13 14
3 14 25
4 25 26 28 29
0 1 5 6 7 13 24 25 29
2 29
3 7
0 3 8 12 13
3 5 9 24 29 30
6 10 11 12 13 17 23 24 38
7 24 30 33 34 36 37 38
8 38 39
8 17
6 8 16 17
0 3 6 8 16 20 23 24 25
0 1 20 25
19 20
12 13 18 19 20 23
8 11 12 23 38
16 23
15 16
13 14 15 16 22 23 25
25
20 24 25 26 37 46
8 13 16 17 18 20 37 38
3 7 8 9 13 22 26 29 33 37
1 2 3 13 14 20 21 22
2 22 24 28 29 32 33 46
32 47
2 26 31 32
2 3 4 7 24 26 31 33
7 9 33 34
28 29 33
26 27 28 46 47
9 24 26 29 30 31 35 37 46
9 30 36 41
33 37 41 42 45 46
9 34 38 39 40 41
9 22 23 24 33 35 46
8 9 10 17 23 36
10 36
36
34 35 36
35 45
45

35 42 43
22 26 32 33 35 37
27 32
