2 7 13 14 15 16 26
20 23
0 6 7 17 19 20 23 24 26
6 18 19 20 21 22 24 37
6 18 37
44 45 46
2 3 4 17 18 24 25 46
0 2 11 13 16 17 25 26 46
11 12 16 17 46
11 12 47
47
7 8 9 13 46 47
8 9 16
0 7 11 16
0
0
0 7 8 12 13
2 6 7 8 19
3 4 6
2 3 17
1 2 3 22 23
3 36
3 20 24 32 33 36 37
1 2 20 26 27 32
2 3 6 22 26 28 29 32 37
6 7 28 46
0 2 7 23 24 28
23 32
24 25 26 32
24 32 33 37 38 39
32 33 39

22 23 24 27 28 29 30
22 29 30 36 37 38
36

21 22 33 34
3 4 22 24 29 33
29 33 41
29 30
42
38
40

5
5 47
5 6 7 8 11 25
9 10 11 45
