2 3 8 12 13 23

0
0 6 7 8 22 23
22
22 33 34
3 22 23 24 26 33
3 24
0 3 11 12 23 24
11 12
16 17
8 9 13 16 17 20 23 24 27
0 8 9 16
0 11 15 16 20 23
20 21
13 17 19 20
10 11 12 13
10 11 15 19 20 27

15 17 28
11 13 14 15 17 23 26 27 28
14 23 26 29 30 33
3 4 5 6 33
0 3 6 8 11 13 20 21 26
6 7 8 11 26 27
27 39 47
6 20 21 23 24 28 29 33 47
11 17 20 24 25
19 20 26 45 47
21 26 32 33 37 46 47
21 32
35
29 30 34 35 36 37
5 6 21 22 26 29 37
5 32 36
31 32
32 34
29 32 33 46 47
47
25 41 47

39 45
44 45

42
28 41 42 47
29 37
25 26 28 29 37 38 39 45
