2 8 11 12 13 14 17
3 7 17
0 7 8 11 25
1 6 7
6 7 19
19 24
3 4 24 25
1 2 3 4 17 19 20 24 25
0 2 11 13 17 20 23 25 26 29
11 12 13 26 27 28 29 30
12 27
0 2 8 9 26
0 9 10 14
0 8 9 16 17 29 31 32
0 12 16

13 14 32
0 1 7 8 13 20 32
20 21 32 34
4 5 7 21 24
7 8 17 18 22 23 24 29 32 33
18 19 33 34 35
20 24 33 36 37 47
8 20 25 26 28 29 37 46 47
5 6 7 19 20 22
2 6 7 8 23
8 9 11 23 28 46
9 10
9 23 26 30 37 46
8 9 13 20 23 31 32 33 37
9 28
13 29
13 16 17 18 20 29 34
20 21 22 29 35 36 37
18 21 32
21 33
22 33 38
22 23 28 29 33 47
36 40 47
41
38
39


46

23 26 28 44
22 23 37 38
