2 3 7 14 17 19

0 14
0 6 7 13 14
6
10
3 4 9 10 11 13
0 3 9 13 17 19 20
11 12 13 16 17 20 23 24 33
6 7 11 20
5 6
6 8 9 13
8 15 16 33
3 6 7 8 11 15 17
0 2 3 17
12 13 17
8 12 23 31 32 33
0 7 8 13 14 15 19 23
23 30 31
0 7 17 22 23
7 8 9 22 23 24 28
28
19 20 28 29 30 46
8 16 17 18 19 20 29 30 31 32
8 20 26 28 29 32 33
27 34 35
24 28 29 36 37 47
25
20 21 22 24 26 46
22 23 24 26 32 37 46 47
18 22 23
16 18 23
16 23 24 29 37
8 12 16 24
25
25
26 39
26 29 32 39 47
41 42 43 47
36 37 41 47
43 45 47
38 39 43
38
38 40 41 45 47
46
40 43 47
22 28 29 44
26 29 37 38 39 40 43 45
