2 3 5 6 8 12 13

0 16 26 27 47
0 12 13 16 23 24 26
12
0 12
0 8 9 11 12
9 10 11 12 13
0 6 13
6 7
7
6 7
0 3 4 5 6 7
0 3 7 8 16 23
16 22
20 21 22 28 37 47
2 3 13 14 22 23 26 28 47
19 20 22 23 24 25 26 28 29
23 24
17 22
15 17 22 28 29 36 37
15
14 15 16 17 19 20
3 13 16 17 18
3 17 18 26
17 29 30 32
2 3 16 17 24 28 32
2 32 44 45 46 47
15 16 17 20 26 32 33 37 46 47
17 20 25 32 33 35 36
25 32 34 35
34
25 26 27 28 29 30 34 45
28 29 35 36 37 45 46
30 31 32 45
29 30 33
20 29 33
15 20 28 33 46
46



44

27 42 46
27 32 33 34
27 28 33 37 38 44
2 15 16 27 28
