2 7 13 14 15 16
3 6 7
0 15 16 20
1 6 7 16 20 21 23
6 9 21 23
9
1 3 4 9 11
0 1 3 9 11 12 13 16 23
10 12 13 23 24 26
4 5 6 7 11 23
8 12
6 7 9
7 8 10
0 7 8 16 26
0
0 2 29
0 2 3 7 13 20 23 26 29
19 20 21 22 23 26 28 29 32 37
22 32 36 37 38 39 43
17 21 30 31 32
2 3 16 17 29 30
3 4 17 19 23
17 18 24 37 39
3 4 7 8 9 16 17 21 26
8 22 26 37
27 37
8 13 16 17 23 24 28 37
25
17 26 32 35 36 37
15 16 17 20 32 33
19 20 32 33
19 43 47
17 18 19 28 29 30 35 36 43 47
29 30 35 46 47
45 46
28 32 33 44 45 47
18 28 32 38 43 44
17 18 22 24 25 26 28
18 36
18 22



18 31 32 36 47
35 36 47
34 35 47
33 34
31 32 33 35 43 44 45
