7 8 12 16 20 21 22
7 8
7 9
6 7 9 10
6 7
12
3 4 10 11 12
0 1 2 3 4 9 11 12
0 1 11 16 20
2 3 7 11
3 6
6 7 8 9 13 16
0 5 6 7 16 22 23
11 15 16 23 24 33
33 34
13 18 24 25 34
0 8 11 12 13 18 20 22 24
20 21 22 24 25 26 27 28
15 16 20 25

0 8 16 17 18
0 17 28
0 12 16 17 24 28 29
12 13 29 30 33
13 15 16 17 22 26 29 32 33 34
15 17 18 34
17 24 28 29 32 37 38
17
17 21 22 26 38
22 23 24 26 32 38 47
23 32 33 47
33 35 46
24 26 29 30 34 35 37 46 47
13 14 23 24 30 31
14 15 24 25 32
31 32 46
46
26 32 46 47
26 28 29 40 47

38
43

41

47
31 32 35 36 37
29 30 32 37 38 45
