3 6 7 10
3 10
42 46 47
0 1 6 9 10 29 46 47
29 47
28 29
0 3 8 9 28 29
0 9 10 11 16 17
6 12 13 16 25 26 28
3 6 7 11 12 22 26 29 32 46
0 1 3 7 46
7 9 16 17 19 20 21 22
8 9 16 20 22 23 24 26
8 15 16 24 25

13
7 8 11 12 13 20
7 11 19

11 17 21
11 12 16
11 19 38
9 11 12 32 37 38 45 46
12 26 32 37
12 13 26
8 13 28
8 9 12 23 24 28 29 32
29 30
5 6 8 25 26
3 4 5 6 9 26 27 32 47
27 32 34 47
33 34 35 37
9 22 23 26 29 30 37 46 47
31 35 36 37 42 45 46 47
30 31 47
31 33
33 39 40 45
22 23 31 32 33 45
21 22 45
36 45
36 42 44 45
43
2 33 40 44 45 46
41
40 42
22 33 36 37 38 39 40 42
2 3 9 10 22 32 33 42
2 3 4 29 30 32 33 34
