2 3 6 11
3
0 7 11 17 20 21
0 1 5 6 7
27
3 7 27 28
0 3 9 11
2 3 5 9 11 17 22 27 28
12 13 16 17 22 23 26 28 33 37
6 7 11 12 13 28 29
12
0 2 6 7 9 17
8 9 10 14 15 16 17
8 9 29 33 34 35 36 37
12 16 36 37
12 18
8 12 14 18 23 37 46 47
2 7 8 11 12 20 21 22 47
15 16 20 47

2 17 18
2 17 47
7 8 17 24 25 26 27 47
8 16 26 32 37 38 41 46 47
22 41 47
22 27
8 22 23 28 31 32 33
4 5 7 22 25
5 7 8 9 26 30 33
9 13 33 34
28 33
26 33
23 26 37 38 39
8 13 26 28 29 30 31 37
13 29 36
13
13 14 34
8 13 14 16 23 32 33
23 32 41 42 46
32 41 42
43
23 24 38 39 43 45 46
38 39 45
40 41 45

41 42 43
16 23 38 41
16 17 18 21 22 23 24
