2 3 7 16 17 18 29

0 4 6 7
0 7 8 17 18 21 22
2 6 8
8
2 4 8 9
0 2 3 9 10 11 16 22
3 4 5 6 12 22
6 7 11 12
7 15
7 9 13 14 15 16 22
8 9 22 44 45
11 22 23 38 45 46
11 16 23 24
10 11
0 7 11 14 22 23 24 29
0 3 19 20 21 22 23 28 29 30
0 3 30
17 21 30 31
17 23 28 31 32 33 37 46 47
3 17 19 46 47
3 7 8 11 12 13 16 17 46
13 14 16 17 20 26 28 37 46
14 16 26 28 29
27
23 24 28 32 37
25 32
17 20 23 24 26 30 31 32
0 16 17 24
17 18 19 28
19 20 28
20 26 27 28 37
20 36 37 47
36 37

33 34 38 46 47
20 23 26 32 33 34 46
13 36 40 45 46
41 42 43 45
38
39
39
39 45
12
12 13 38 39 43
13 20 21 22 23 36 37 38
20 21 33 36
