11 13 29 33 47
5 6 11 12 33 47
4 5 9 10 11 12
5 6 7 8 9 12
2
1 2 3
1 3 12 33 34 36 37
3 12 20 23 24 34
3 19 20
2 3 12 16 19 20
2 16
0 1 2 13 16
1 2 3 6 7 9 16 20 23 33
0 11 16 17 23 28 29 33
16 17
18
9 10 11 12 13 14 18 20
13 14 20 22 23 28
15 16 20 21
8 9 21
7 8 9 12 16 17 18 22 23
18 19
17 20 24 26
7 12 13 17 20 26 28 32 33 34
7 22 26 34

22 23 24 28 32
31
13 17 23 26 31 32
0 13 31 32 33 46
39 41 43 46
27 28 29 39
23 26 28 29 34 38 39 46
0 1 6 12 13 23 29 37 46 47
6 7 23 24 32 37 38
37 38
6
6 33 34 35 46 47
32 34 35 46
30 31 32 46

30 43

30 41 45

43 47
29 30 32 33 37 38 39
0 1 33 37 45
