2 3 6 9

0 4 5 6
0 6 8
2
2
0 2 3 8 9
9 10 11 12 16
3 6 12
0 6 7 11
7
7 9 15 16
7 8 16 17
15 16 17 22 24 25 27
25 27
11 13
7 11 12 13 21
12 13 20 21 22 24
20 23 24
23
17 18 22 23 29
16 17
13 17 20 24 26 27 28 29
18 19 20 26 29 37
13 17 18 22 26
13 14 27 45 46
22 23 24 28 33 37 46 47
13 14 22 25 32 46
22 26 30 31 32 33 37
20 22 23 37
28 37
28 33
27 28 34 46
26 28 31 35 36 37 46 47
32 46
33 47
33 38 43 47
23 26 28 29 30 33
36 40

38 43
43

36 40 41 47
47
25 47
25 26 27 32 33 34
26 33 35 36 43 44 45
