2 3 5 6 7 12 13 16 17
3
0 13 14 15 16
0 1 5 12

0 3 11 12
0 10 11 17
0 9 10 11 12 13 17
13 16 17 22
7 17 18 19 21 22
6 7
5 6 7
0 3 5 7
0 2 7 8 16
2
2
0 2 8 13
0 6 7 8 9
9
9 21
22 24 28 29 37 46 47
9 19 24
8 9 20 24 37
26 28 36 37
20 21 22 26 28 29
29 31 32
23 24 28 32
32 34 36
20 23 24 26 32 33 34 36 37 46
20 24 25 31 32 33 47
33 47
25 29
25 26 27 28 29
28 29 30 46 47
27 28 36 44 46
37 38 39 42 43 44 46
23 27 28 34
20 22 23 28 35 46
35 45 46
35 41 42
42 43
39
35 39 40
35 40
34 35 46
38
20 28 33 34 35 37 38 44
20 29 30 33
