2 3 8 9 20

0 20
0 7 8 20 21 23
6 7 21 22
41 46
4 22 46 47
3 4 22 23 24
0 3 12 23
0 11 12 16 20 23
15 16
9 13 14 16
8 9 23 24
11 16 17 23 24 25 26 29
11 16 29 30
10
9 10 11 13 14 19 20 23
13 19 21 22 23 26 29 37
21 37 38
16 17 21
0 2 3 9 16 23
3 4 17 18 19 23
4 6 7 17 24 26 37 46 47
3 7 8 9 12 13 16 17 20 21
7 12 13 22 26 47
13 27 28
13 17 22 24 28 29 32 33 37 47
25 33 47
25 26 32
13 14 17 26 31 32
14
29
26 28 29 36 37
26 27 37 46 47
36 37 38 45 46

32 34 38
17 18 22 26 32 33 34 46
18 34 36

42 43 44
5
40 44
40
40 42
34
5 6 22 33 34 37
6 22 24 26 27 33
