2 3 6 11 17 18 20
18 23
0 5 17 23 33
0 5 6 8 11 15 16 17
6 7 8
2 3
0 3 4 11
4 9 11
3 4 11 13 14 16
7 11 12 13
12
0 3 6 7 8 9 16 20
9 10 16 20
8 9 16
8 16
3 17 32 33 34
3 8 11 12 13 14 20 21
0 2 3 15 20 21 22 23 32 33
0 1 20 22 23

0 11 12 16 17 18
16 17 31 32
17 18 28 29 32 46
1 2 17 18 25 28 33 46
26 27 28 33
23 46
24 28 40 43 46 47
24 36 37 40
22 23 24 26 32 33 36 37 46 47
22 31 32 37 38 47
32 36 37 38
21 29
15 17 21 22 28 29 30 36
2 15 17 23 24 28 36
15 36

27 28 30 32 33 34
27 28 29 30 39 40 47
29 30
37 41 42 47
26 27 37 42 43 47
39
39 40
26 40 45 47

43 47
22 23 25 26 28
26 28 29 37 39 40 43 45
