2 3 6 7 8 13 14

0 4 5
0 5 6 13 15 16 18 36 37
2 36 37
2 3 18
0 3 12 13 17 18
0 9 12
0 12 13 14 24
7 11 12

9 23 24
6 7 8 9 17 23 24
0 3 6 8 15 16 17 24 25 26
0 8 25
3 13 25 28 33 34 36
3 13 18 20 26 28 29 33 37 47
6 12 13 20 21 22 23 26
3 5 6 16 20 37
37 38 47
16 17 18 22 29 47
17
17 20 26 29
11 12 17 26
8 11 12 13 26
13 14 15 27 28
13 16 17 22 23 24 28 29
25 30
15 16 25 26 30 32 33
16 20 22 26 32 45 46 47
27 28 32 45
44 45 46
28 29 30 46 47
15 16 28 36 37 47
15 36

3 4 15 33 34
3 4 16 18 19 33 47
19 47

43


40 46
31 46
29 30 31
29 31 32 43 44
16 19 20 29 32 33 37 38
