2 7 9 10 11 12 22
3 22
0 7 9
1 6 7 22
6 14
14
3 4 13 14 22 23 46
0 2 3 9 12 13 14 22
11 12 13 15 16 17
0 2 7 11
0
0 8 9 17 18
0 7 8 17 20 21 22 23 28
6 7 8 15 16 23 27 28
4 5 6 7
8 13
8 13 27 28
8 11 12 20 28 32
11 20 32 34
33 34
12 17 18 24 28 29 32 33
12 23 24 45
0 1 3 6 7 12 45 46
6 12 13 21 26 28 46 47
20 21 26 28 29 37
29 37
23 24 28 47
13 16
12 13 16 17 20 23 24 26
20 24 25 32 33 36 37
32 35 36
35
17 18 20 29 30 34 35
19 20 29 35 36 37
18 19 32
30 31 32 33
29 30 33
24 25 29 33
41
41 42
42
38 39
39 40
47
46
21 22
6 22 23 44
23 26 43
