2 6 7 16
4 5 7
0 7 9
7 9
1 7
1 7
0 15 16 17 18
0 1 2 3 4 5 9 16
12 16 17
2 3 7 11 16

9 13 16
8 16 17 21 22
11 15 16 22
22 23
6 13 17 19 22
0 6 7 8 9 11 12 13
6 8 12 15 19 21 22
6
15 17 22 23
22 23 24 28 46 47
12 17
12 13 14 15 17 19 20
14 19 20 25 27 28
20 26 28 29 40 41 47
23 27 40
24 28 29 33 37 39 40
23 25 33
20 23 24 26 32 33 46
24 26 32 37 39 41 42 45 46 47
32 37 42 45
36
28 29 30 36 37 46
26 27 28 36 37
36

31 32 33 34
26 29 30 32 33 39

26 29 37 41 42
24 25 26
24 29 39 43 47
29 30 39 45
41 45 47
47
29 30 42 43 47
20 28 29 32
20 24 29 41 43 44 45
