2 3 9 10 11 13 14 47
10
0 9
0 5 6 8 9 13 47
6 46 47
3
3 4 8 13 25 26 46
12 25 26 27
3 6 11 12 13
0 2 3 11
0 1 15
0 8 9 13 14 15 16
7 8 16 17 26 27 28
0 3 6 8 11 17 22 26 46 47
0 11 16 17 20 21 22
10 11
11 12 14 20 28 33
12 13 14 20 22 23 26 28 29 32
20 21 22 23 32 42 43
21 36 37 38 42
14 16 17 18 32 33 36 37
14 18 19
13 14 17 18 45 46 47
17 18 26 29 43 45 46
26 46
6 7
6 7 12 13 17 23 24 29 46
7 12 29
12 16 17 32 33
17 23 26 27 31 32

29
17 18 20 28 29 37
16 20 28 35 37
37
33 37
19 20
19 20 32 33 34 35
19



18 19
18 23 45

22 23 43
4 6 13 22 23 24 26
0 3 4 13 22
