16 17 37 38 39 40 41
8 12 16 17
12 13 17 18
6 12 13
6 12
7
3 4 11 12
5 9 10 11 12
1 12 16
7 11 16
7
6 7 9 13 16
1 2 3 4 6 7 8 16
2 3 11 15 16 17 18
18 19 20 21
13 17 20 21 36 37
0 1 8 9 11 12 13
0 1 2 13 15 20 37 38
2 13 14 20
14 28 33
14 15 17 18 22 24 28 33 37
14 15 33 34 35 36
20 24 32 33 35 36 37 47
26 28 29 30 32 33 46 47
20 22 26 28 37 38 42 45 47
27 38 43 44 45
23 24 28 45 46
25
19 20 23 24 26 33
23 31 33
23 32
29 33 34
22 23 30 34 35
19 20 21 22 23 28 29 31
21 31 32
21 22 32
15 21 22
0 15 17 20 22 24 41 42
0 17 24 25 42 43
0 41 42 43
0
0 37 39
24 37 38 39 45 47
25 38 39 45
25
24 25 26 42 43 47
23 26
22 23 24 42 45
