6 7 8 9
5 6 7
5 7
5 6 7 11
6 10
1 2 3
0 1 3 4 9 10 11
0 1 2 3 11
0 11 12
0 6 11 12 13
4 6
3 6 7 8 9
8 9
9


20 24
20 23 24 26 27 28
27 28
28 31 32
16 17 22 23 28 32
32 46
20 29 32 33 34
17 20 26 28 29 37
16 17 26

17 23 24 37
17 18 37 38
17 18 19 20 23 30 32 37 38
22 23 32 33 35 36 37 39 40
28 32 38 39 40 41 47
19 44 45 47
19 20 21 22 28 29 30 46 47
22 29 35 40 46 47
22
29 33 40
29 39
23 26 27 28 29 39
27 28 30
29 30 36 37
29 30 33 35 47
30 44 47
44 47
45
31 41 42 47
31 43 47
21 32 33
30 31 32 33 40 41 42 44 45
