2 3 8 9 11 12 13
7 8
0 4 5 6 7 9
0 9 10 13 14 15 16
2 6 15 16
2 38 39
2 4 9 16 17 28 38 47
1 2 9 38 45 46 47
0 1 11 46
0 2 3 6 7 11 16 17 20 46
3 13 14 16 20
0 8 9 13 20
0
0 3 10 11
3 10
3 4
3 4 6 9 10 27
6 9 20 21 22 27 28 46 47
21 22 23 46 47
21 46
9 10 11 17 46
17 18 19
17 18 25 26 27 28 29
18 28 29 33 36 37 47
29 33
22 29
22 29 30
16 17 22
6 17 22 23 32 37 47
22 23 24 25 26 32 33
26

28 29 37
23 24 29 36 37
36

23 33 34
23 28 32 33 47
5 6 7 40 47
5
38




7 47
7 8 9 17 18 19 20
6 7 17 18 23 28 37 38 45
