2 3 7 12 13

0 4 7
0 6 7 8 9 12
2 6

3 4 8
0 2 3 13 46
3 6 12 13 17 24 26 46
3 11 12 26
26 27 28
9 17 18 22 26
0 3 8 9 17 18
0 7 8 15 16 17 46

13 17 18 20
13 23 24 38 46 47
8 11 12 13 15 20 22 23 24 26
11 12 15 20

15 17 18 22 23
31
11 17 20 26 28 31 32
16 17 20 31 32 37 38
8 16 17 26 32 37 46 47
27 29 32 33
8 9 10 11 17 22 24 28 32
10 25 29
10 22 26 30 32
25 27 32 33 34
28 32
21 22 23
22 23 24 25 26 28 29 30 37
25 29 35 36 37
29
33
33
23 24 32 33 47
16 23 42 47
41 42

39
38 39
45 47

43 47
7 8 13 16 24
16 24 37 38 43 45
