2 3 6 11 23 24 33
32 33 34
0 9 33
0 5 6 7 8 9 11

3 7
0 3 11 12 15 16 24
3 5 12
3 11 12
2 3 11 33
21 22 33 35 37
0 3 6 8 9 16 22 23 33
6 7 8 14 16
16 17 18 19 22
12 16 18
6 24 25
6 11 12 13 14 22 23 24 26
13 19 20 22 26 27 28
13 14
13 17
17 22 28 45
10 37 38 39
10 11 13 16 17 20 28 37
0 11 16 26 28 32 33 37 47
0 6 15 16 26
15
16 17 23 24 28 47
17 45 46
17 20 22 23 26 37 45 46 47
31 32 36 37 41 46 47
46
29 47
1 23 29 34 36 37 47
0 1 2 9 10 11 23 35 37
1 32 36
10 33 37 38
29 32 34 38 41
10 21 22 23 28 29 32 33 35
21 35 36 40 41
21
38 42 44
29 36 38
40 44

40 42
20 27 28
27 28 29 30
23 26 28 29 31 32
