2 7 8 11 12
12
0 6 7 12
6 12 16
6 13 14 16
13
2 3 4 8 12 13
0 2
0 6 11 12 13
11 13 17
17 18 19
0 8 9 17
0 1 2 3 6 8 16 17
4 5 6 8 9 16 17
4 16

3 4 12 13 14
9 10 11 12 13 19
10
10 17
22 24 25
25 26 27 47
20 24 26 46 47
26 29 33 46
20 22 26 36 37
20 21 27 37 39
21 22 23 24 28 29 32 33 37 47
21 25 32 39 40 41
26 31 32 41 42 43 44 47
23 26 31 33 44 45 46 47
33
28 29 33 44
26 27 28 37 38 39 40
23 26 29 30 31 37
37 38

24
24 25 26 32 33 34 39
32 34
25 27 32 37
27 32
27 28
28 44
28 45 47
28 29 31 42
29 43 47
22 23 29
21 22 26 28 29 43 45
