11 12 13 17
3 12 13
7 12
1 6 7 13
6 14
14
3 4 8 13 14 16
2 3 9 12 13
6 16
7 11 12 13 16 17
17 40 41 42 43
0 9 17 42
0 1 2 7 9
0 1 3 6 7 9 16 17
4 5 6 16
17 18 19
6 8 9 13 14
0 9 10 11 13 15 43
15 43
15 21 43
37 38 40 41 43 45 46
19 28 31 32 45 46
24 28 33 34 35 37 46 47
34 35 36 47
22 28 29 33 47
33
28 32 33
30 31
21 22 24 26 30 31 32 33 46
24 46 47
27 28 45 46
21 27 28 45
21 26 28
22 24 25 26 28
22 23
22 23 37
23 47
20 22 35 39 46 47
20 40 41 46
37
10 20 38
10 20 38 43 45
10 11 44
10 17 18 19 20 41 45
42
20 21 30 31 41 43
20 21 22 28 29 30 37 38
22 23 24 29 36 37
