2 3 8 9 12
8
0 4 7 8
0 6 7 9 12 13
2 7
7
3 9 11 13
2 3 4 5 9
0 1 2
0 3 6 7 11 12
12
6 9 13
0 3 9 10
3 6 11


18 19
19 20 28 36 37 41
16
16 17 21 27 28
17 22 23 26 28 29 37
19 26 27
20 24 25 26
20 29 33 37
22 26 29 30 32 33
22
20 21 22 24 28 29 30
19 21
17 19 20 26 36
20 23 24 26 33 34 36 37 46
24 26 32 46
46
24 30 46 47
23 24 29 46 47
29 36 37 38 39 40 45 46
40 44 45 46
17 28 29 34 40 41
17 20 23 29 34 41
34 40 41 42
34 43 44 45
34 35 36 38 42 43 44
17 36 37 38
38 40
39 40
35 39 40
34 35 39 47
29 30 31 32 33 34 35
32 33 45
