2 3 7 11 12 13 17

0 7 10
0 6 7 13
6 13 34
33 34 35 46
3 4 8 12 13 33 46
0 2 3 9 10 11 12
6 12 23 28 32 46 47
7 11 23 26 27 28
2 7
0 7 9 20 23 26
0 6 7 8 16 17 20 23 32 33
0 3 4 6 15 17 33 34
17 18
13 17 33 34
12 20 30 31 32 33
0 12 13 14 15 19 20
14
17 21
11 12 16 17 22 23 30
19
20 24 26 30
8 9 11 12 20 26 28 29 30 32
22 26 27 28 29
27
9 11 22 23 24
9 24 25
8 9 23 24 47
23 24 32 37 47
16 20 22 23 32
16 36 37
8 12 16 23 29 30 36 37 46 47
5 6 12 13 15 16 35 36 46
4 5 13 15
5 33
31 32 33 46
29 31 32 47
40 47

38 45
44 45
44 45

41 42
40 41 42 47
5 6 8 32 33 36
8 28 29 32 37 38 45
