2 6 7 8 10 13
4 5 6
0 4 10 13
11 12 13
1 2 6 13 14
1
0 1 4 13 14
0 9 13 16
0 10
7 11 13 16 17 18 24 25
0 2 8 13
3 9 13 17 18 19
3 14 16 17
0 2 3 4 6 7 9 10 11 16
4 6 12 16

7 9 12 13 14 24
9 11 12 20 21 23 24 26
9 11 20 25 26 27
11
17 18 22 26 36 37
17 23
20 26 29 33 35 37
17 21 26 29
9 16 17 26
9 18 27
17 18 20 22 23 24 28 29 37
18 25 37 45
26 31 32 33 37 45 46 47
22 23 26 32 33
32
28 47
28 29 30 47
22 28 29 35 37 46

22 33 37 38
20 38
20 22 26 27 28 33 35 46
35 36 46


43
44
41
42 46
27 28 47
28 33 37 38 44
28 31 32 45
