2 3 6 7 8 9 11
9 10
0 10 11
0 5 6 11 12 13
12
3 13 14
0 3 8 13
0
0 6 11 13
0 1 11
1 2
0 2 3 8 9 13
3 4
3 5 6 8 11
5
17 18 19
19 20 29 45 46 47
15 20 22 23 29
15 20 22
15 16 46
16 17 18 22 24 26 29 46
24 25
17 18 20 24
17 29 32
20 21 22 26 29 32 33
21 33
20 24 28 29 33 46 47
33 34 38
26 30 32 33 37 38 47
16 17 20 23 24 26 32 47
28 32
36 37
23 24 28 29 30 36 37
24 25 26 27 28 35 37
27 37 38
33 37
31 32
28 31 32 33 34 35
27 28 34

42

40 44 45 47
45 46
42
16 42 43 47
16 19 20 26 43
16 26 28 29 42 45
