2 3 34 36 37 46

0 9 16 46
0 6 9 12 34 46 47
6

3 4 8 9 12
11 12 13
6 10 11
2 3 6 11 12 16
8
7 8 9 13 15 16
3 6 7 9 16 17 22 46 47
7 11 15 17 21 22
17 18 20 21
11 13 17
2 9 11 12 46
12 13 14 15 20 22 23 45 46
14 20 28 45
28
14 17 18 22 23 26 28
13 14
12 13 17 20 24 47
17 20 26 28 29 32 37 45 46 47
22 26 32 33 47

20 23 24 28 32
29 30 32
18 19 20 23 26 45
23 27 32 37 44 45
27 32 38 39
38
23 24 26 27 29 30 37 38
24 37 38 47
0 3 36 37 47

0 34 38
0 23 29 32 33 34 46 47
30 31 32 33 36
30




29
17 18 23 28 29
0 2 3 12 16 17 23 37
3 12 22 23 24 33 34 37
