2 3 10 11

0 4 11
0 6 7 11
2 6

3 4 8 11 12
3 9 10 11
6 12 13 14
7 11 12 13
0 7
0 2 3 6 7 9
6 8 9
8 9
8

18 39 40
26 38 39
16 25 26 40
21 25
22 23 24 25 26 28 33 37
19 33 34 36
20 32 33
20 28 32 46 47
20 26 27 28 29 41 42 43 46
18 19 20 40 42
17 18 20 24 37 38 39 40 41
24 29 37 38 41
20 23 24 30 31 32 33 37 47
24 27 43 44 45 46 47
28 47
28 33
22 23 28 47
20 21 22 28 31 36 37
21 36

21 33 34
20 26 27 28 33
17 26 27
16 17 26 41
16 18 25 26 42
24 26 27 39 43
24 25 40
24 29 41 46
29
29 47
23 24 29 43
23 28 29 30 32 45
