2 3 11 12
11
0 6 7 11 35 36
0 6 7 12 20 21 22
6 22
24 38
2 3 4 22 23 24 36 37 38
2 3 9 11 12 17 20 23 35 37
10 17 28 29 32 33 34 35 37 47
7 11 12 13 14 15 16 17 32
8 32 34 35
0 1 2 7 9 35
0 3 7 9 14 20
9 16 17 18 20
9 12
9 32
9 13 29 31 32
7 8 9 13 20 23 28 29
13 20
21
3 7 12 13 17 18 22 23
3 19
3 4 6 20 24
6 7 17 20 26 28 37
5 6 22 26 38
38
23 24 28 37 38
43 44 46 47
8 17 23 26 37 45 46 47
8 16 17 31 32 33 45 46
33 46
16 29
8 9 10 15 16 29
8 29 30 42 46 47
8 10 40 41 47
2 7 8 10 11 37 40
2 6 38 39 40
6 7 8 23 26 28 35 40 47
5 6 24 25 26 36
36
34 35 36 37 47
34 47
33 46 47
27 46
27 46
28 29
27 28 29 30 33 42 43 44
8 27 28 33 34 37 40 41 42
