2 3 4 7 8 16 20

0 4
0 5 6 7 16
0 2
3 7
3 12 13
0 3 5 9 12 13 16 17
0 17 18 20
7 11 12 17
17 18 24
9 13 17 22 23 24
6 7 9
6 7 11 15 16 17 22
22 23 32
13 21 22
0 3 7 13 20 21
7 8 9 10 11 13 20 21 22
8 10 20

0 8 16 17 18
15 16 17
11 13 14 15 17 24 28 32
11 14 29 32 33
10 11 22 26 28 29
47
24 28 29 45 46 47
44 45
22 24 26 30 32 45
23 24 26 32 33 37 46 47
28 32 36 37 42 45 46
36
14 22 23 28 29 30 36
23 29 36 37
36 37 38

30 31 32 33 34
29 30 33 34 41 46
34 40 41

38
37 38 46
30 45 46
45
27
26 27 28 30 42 43
26 29 30 37 41 42
25 26 29
