6 7 9 12 16 17 19
6 9
6 7 8 9
6 7
6 15 16
16
0 1 2 3 4 16
0 2 3 9 12 13 16 26
2 26 28 29
0 1 2 7 11 12 29

9 19 20 29 32 46
0 7 9 17 19 20 22 23 26 29
7 16 17 22 25 26
16 17
4
0 4 5 6 7 13 14
0 12 13 14 19 21 22
21
0 11 12 17 21
11 12 22 23 32 33 37 46 47
17 18 19 36 37
12 13 17 20 25 34 35 37
12 20 25 26 29 32 33 34
26 27 28
13 22 23 34
7 8 12 13 23 24 28 29
24
8 24 26 30
8 9 11 12 23 26 32
28

11 20 23 29 45 46
20 23 37 44 45 47
22 23 25 37
22 37 38
21 38 39
20 21 22 33 34 35 47
35 36 41 42
36 41

38 39
38

33 47
32 33 47
11 20 32
20 33 37 44 45
