2 3 8 12 13 25 26

0 4 26 36 37
0 6 7 8 12 22 23 24 26 37
2 6 12 37
22 37 41
3 4 11 12 22
3 9 11 17 20 21 22 24
0 3 11 12 14 15 16 24 25
7 11 15 16 17

6 7 8 9 14
0 3 4 6 8 14
0
8 11 12
8 9
8 9 24 25 29
7 9 19 20 24 29 30 32
30 31
17 21 31 32
7 17 22 23 24 28 32 46 47
7 19
3 5 6 7 20 37 41 46
3 20 26 28 35 36 37 40 46
3 7 8 16 17 20 26 27 28 29
0 8 16 27
0 2 3 23 24 35 36
24 25 29 34 35
20 23 24 32 33 34 35 47
16 17 24 27 32 33
17 18 32
18 19
17 19 20 28 29 30 47
28 29
27 28
23 26 27 28
2 23 26 39 40
2 3 4 5 22 23 40 41
40 41
36
23 36 37 38 44 46
5 22 37 38 44 46
44

40 41 42 46
47
20 22 23 40 41 44
20 28 32 45
