3 11 12 14
11
8 11
0 7 8 11 12
7 12 21
7 21 22 38
22 25 29 33 37 38 40 41 42
3 4 5 9 12 22 33 37
2 3 10 11 33 34
7 11 12 13 22 23 29 32 33
8 32
0 1 2 3 8 9 13
0 3 4 7 9 14 16 21 22
9 11 16 23 47
0 12 16
20 21
12 13 14 20 21 22 23 24 47
20 24 46 47
24 45 46
24
15 16 17 24
4 5 12 15 16
5 6 7 9 12 16 24 25 29
9 13 16 26 28 29 46 47
16 17 18 19 20 22 26 46
6 22 29 42 43
23 24 28 29 43 44 45 46
45 46
23 26 30 32
6 9 22 23 25 26 32 33 41 43
28 32 41 43

9 10 28 29 30
6 7 8 9 29 37 41
8 37
37
38
6 7 33 34 35 40
5 6 36 40
42
6 37 38 42
6 29 30 33 43
6 25 39 40
25 26 29 30 41
26
18 26 27
17 18 23 24 26 27
13 16 17 23
