2 3 7 8 13 23
7 26
0 6 7
0 6 8 12 13
6 8 10 11 12
9 10
2 3 4 8 9
0 1 2 9 22 23 26
0 3 4 6 10 11 13 16 17 23
5 6 7 17 21 22
4 5 8 17
4 8 13 16
3 4
0 3 8 11 16
16

8 11 13 14 23
8 9 10 21 22 23 24
20 21 24
24 32 46
18 22 24 28 29 32 46 47
9 17 18
7 9 17 20 24 26 27 28
0 7 8 16 17 25 26
17 18 19 20 22 28
23 28
1 7 22 23 28
22 29
20 22 24 25 26 32
20 27 31 32 33 34 47
34 35
29 33 35 36
19 20 28 29 37 46
29 31 35 36 37 46 47
29 30 47
30 31 33
31 33
32 33 45 46


42
43
40
41

37
19 20 32 33 37
20 29 33 34
