2 3 6 7 8 12
7
0 6
0 6 11 12
6 11

0 2 3 4 8 11
0 1
0 6 11 12
11 12 13 14 17 18
18
3 4 6 8 9 18
0 3 8 9 17
9 16 17 25 26
9 16
46
13 14 23 24 26 46
9 12 13 19 20 26
9 10 11
17
17 22 23 26

20 26 27 28 32
16 20 26 28 29 31 32
16 26 27 28 29 46 47
13 27
13 16 17 20 22 23 24
22 24 25
22 23 24 32 33 37 43
23 24 31 33 43 44 46 47
33 44
23 29 33
22 23 28 37
28 29 30 31 37 39 43
37 39
37 38
38
28 32 33 34 35 39
35 36 41
33 34 37 41 42 43
42
38 39
39 40
28 29 33 39 47
29 30 47
47
15 16 24 29
24 29 43 44 45
