2 3 6 7 8

0 6
0 6 8 12 13
6 13 14 15
15
0 2 3 4 13
0 13 20 24 29
0 3 12 13 24 25
11 12 24 25
23 24 26 38
9 13 14 16 24
3 8 9 14
3 4 6 7 8 11 15 16 24
4 11 12
4 5 13
11 13 19 20 23 24
19 22 23 33
22
16 17 21 22
7 16 22 23 24 28 29 30
19 30 31
17 18 19 20 28 31 32 33
10 16 17 20 26 28 33 37 38
7 8 9 10 11 13 16 20 26 29
8 9 29
10 23 24 28 29 37
29 46
20 22 23 26 30 31 32 37 46
7 20 24 25 26 27
20 21 28
21 22 28
22 28 34 37 46
17 22 23 37 38
32 36 37 47
40 41
34 38 39 40 41 47
23 26 28 32 33 34 46 47
10 23 33 36
36
35 36
35 36 43 47

41 45 47

43 47
27 28 32 37
34 36 37 41 43 45
