2 3 4 5 6 7 11
11
0 11 12
0 7 12 13
0 7 8 14
0 8
0 8 9 10 11
0 3 4 9 11 12 13 14 16 22
4 5 6 14 15
6 7 15 16 21 22
6 21 22
0 1 2 6 7 22
2 3 7 17 22 24
3 7 16 17
4 7 8 16
8 9
7 9 13 14 20 22
12 13 19 20 22 24 32 35
35
17 30 31 32
16 17 22 23 29 30 32
9 10 23
7 9 10 11 12 16 17 20 24
20 21 26 28 29 32 33
12 17 22 32 33 34 35
33 34
23 28 33

23 26 33 46 47
20 23 31 32 45 46 47
19 20 45
19 29 42 44 45 47
17 19 20 23 24 29 35 37 47
23 24 25 26 28 37 47
24 25 36 37
17 18 24 32 37
34 38 40
32 33 34 35 40 47
36 40

36 37 38

31 44

31 42
29 30 31
28 29
28 29 31 32 33 37
