3 8 9 10 11
8
4 7 8
0 6 7 8 9 11 12 13 17
2 6 12

3 4 12 17 19 20
2 3 17 18
0 1 2 3
0 3 13 17
0 13 14
0 3 13 14
3 4 6 20
3 9 10 11 15 16 17 20
10 11
13 29 30
13 20 23 24 26 29
3 6 7 9 13 19 20 24
7 24
6 17 21 23 24
6 12 13 16 17 23 29
19 23 32 38
32 37 38 44 46 47
16 19 20 21 26 28 29 32 47
16 17 18 19 26

16 23 24 28 47

23 26 32 33 46 47
15 16 20 23 31 32
15
29 33 34
21 22 23 28 29 34 37 46
28 31 35 36 46
31 32 36 37
33
33 34 45 46
22 32 34 44 45 46
21 22 42 44
41 42 44

39 43
38 39 44
41
22 37 38 39 42
36 37
22 28 32 33 36 37
22 23 26 28
