2 3 7 8 13 14

0 7
0 7 11 13 14 15 16
7 11 18
10 11 18 19
8 9 10 11
0 2 3 4 11
0 6 11 12 13
6 12
5 6 12 17 19
3 4 5 6 7 8 13 16 17 18
8 9 10 17
0 3 8 11 16
0 3
3
3 11 13 18
10 11 12 19 43 44
4 5 11 16 43
5 10 17 43 45 46
22 24 46 47
24 27 28
20 24 26 28 29 37 46 47
26 32 37 47
20 21 22 26 27
27
22 23 24 28 29 31 32
21 24 25
21 22 26 30
22 26 31 32 33 37
28
26 29
23 26 29 37
29 35 36 37

33
33
22 23 29 32 33 47
42 45 46 47
41 42

39
38 39 46
17 18 19 45 46
17
19 38 43 47
19 20 22 38 42 43
20 22 23 37 38 45
