2 3 11 12 20 23

0 12 16 17 19
0 6 7 8 12 13 17 19 20 23
6 7 13 17
17 18 19
3 4 19 20 26 27 45
3 4 23 24 26
3 11 12 13 14 23
11 23 24 32
32
0 8 9 23
0 2 3 8 15 16
3 4 8 15 16 17
8
12 13
2 12 13
2 3 4 5 13 19
5
2 3 5 6 17
0 3 6 22 23 26 27
27 28
20 26 28 31 32 33
0 3 7 8 9 11 20 26 32
7 9 26 32 33
29 33 34 38 46
6 7 20 22 23 24 28 33 46
6 20 21 45 46
21 22 26 30 33 46 47
25 33 34 35 37 38 46 47
28 33
22 33
9 10 22 23 24
22 24 25 26 28 29 30 31
25 29
29 37 38

29 35 47
25 29 35 46
41 43 45 46

39 43 45
44
39 41 45
42
6 27 39 41 43
25 26 27 28 29 38 39
28 29 37
