2 3 5 6 11 12 13 21
3 4 5
0 12
0 1 13 14 21
1 21
0 1 21
0 8 11 20 21 22
17 18 20 32
6 11 17 22 23 32 33
11 23 24 33
12 24
0 6 8 9 13 22 24
0 2 10
0 3 11 15 21 22 24 25
3 25
13 21 22 25 26
20 22 26 27 28 47
7 8 20 22 23 28 29 32 46 47
7 20 46 47

6 7 16 17 18 22
0 3 4 5 6 13 15
6 8 11 13 15 16 17 20 24 26
8 9 17 26 28 29 33 35
9 10 11 13 22 26
13 14 15
15 16 22 23 24 28
16
16 17 23 26 36 37 47
17 23 31 32 33 35 36 37 46
34 35 36 38
29 33 34 45
7 8 17 29 45 46
8 9 23 29 31 35
30 31
23 29 30 33
28 29 30 38
28 29 46 47
30 36



44

42
31 32
17 18 29 32 37
16 17 18 28 37
