2 3 30 33

0 5 7 33
0 5 13 32 33
12 13 14
2 3 7 13
9 10 11 12 13
2 5 9 13 23 33
23 34 46
6 7 11 22 23
6 18
6 9 13 16 17 18 22 23 24
4 6 14 15 16
3 4 5 6 7 11 23 24 32 33
4 12 16 24 32
12
11 12 14 24
11 20 22 24 25 28
10 11 22
21 22
17 22 26 27 28
19 27 45 46
9 11 17 18 19 20 28 46
7 8 9 11 13 28 29 33 34 46
11 13 14 16 17 28 29 32
17 28 37
20 28 37 38
20 21 38 44 45 46 47
17 20 22 23 24 25 26 37 46 47
23 24 32 33 34 35 37 47
0 32 33 35

3 13 14 24 29 30
0 2 3 7 13 23 29 30
8 23 29 46 47
29 30 47
38 39 47
25 26 28 29 47
26 27 36 43 47
36 42


39
38
27
21 27
8 21 22 23 27 28 34
27 28 29 34 35 36 37 38
