2 8 9
7 9
0 4 7 8
5 6 7 8
2
3 7 13
3 11 12 13
1 2 3 5 9 11 12
0 2 3 11
0 1 7 11
12
6 7 8 9
6 7 10 42 43
5 6 43 44
44
25 44
18 24 25 45 46 47
22 47
16 20 22 24 25
25 26 34
18 22 24 26 29 32 34
23 29 32
17 18 20 24 47
21 28 29 47
16 18 20 22 26 27 28 29 46 47
15 16 18 19 27
19 20 24 29 33 34 35 37 38
24 25 37 38 46
23 24 37 46
20 21 23 24 26 32 33 37
32 33

20 21 29 30 34
26 29 30 35 36 37
19 20 26 32
26 33 38
33 38
26 27 28 29 33
26 27 35 36



12 44
12 13
13 14 15 42
16
16 24 27 28
16 17 22 23 24
