2 3 8 16

0 4 15
0 5 6 8 13 15 16
2 14 15
3 13 14 27 28
3 8 12 13 22 27
12 21
0 3 6 12 16
11 12 16

9 17 20
6 7 8 9 16 17 20 21 22
3 5 6 15 16 17 22 28 29
4 5 28 32
2 3 4 13
0 3 8 9 12 13
11 12 13 20 29
20 29 30
23 46
11 12 17 18 22 23 29 46
7 12 24 45 46
6 12 13 20 24 26 27 28 29
19 20 26 29 33 37 46 47
21 22 26 38 39 45 46 47
27 38
22 23 24 28 33 37 38
5 6 22 25
5 13 14 22 26 32 33
13 17 18 20 22 23 32 33
18 32

14 28 29 30
23 26 28 29 37
36 37

34
23 26 33 34 47
24 25 26 47
24 41 42 43 44 45 47
44 47
39 43
39
39 41 45
39 40 46 47
21 24 39 43
19 20 21 23 24 44
23 24 37 38 39 40 44
