2 3 7 9 11
10 11
0 4 6 11 12
0 6 7
2 6
12 13
2 3 4 11 12 13
0 3 9 11

0 7 11
1
0 1 2 6 7 9
2 5 6
5 6

28
28 44 45 46
20 24 25 26 27 28 44 46
20 23 25 43 44
23 41 42 43
17 18 22 23 24 41 42 44 45 46
41 45 46 47
20 24 37 38 40 41 47
18 19 20 25
17 20 22 26 29 33 37 46 47
17 18 23
17 24 28 29 33 34
17
15 16 17 26 46
24 26 32 33 46 47
32 47

29 30 36 37 47
24 26 29 35 36 37
26
33
32 33
22 24 32 33 47
22 40

22 38
19 20 21 22
19 20 44 45
18 19
16 17 18 20 42
16 20 21 42
16 17 20 21 24 28 29
21 22 24 29 30 32 37
