2 3 8 9 11
11 16
0 11
0 9
9
9 10
8 9 10 12
12 13 14 15
0 6 11 12 15 16
0 3 4 5 6 11
5 6 12
0 1 2 8 9 16
6 7 8 10 16 17
7 15 16 17 18 19 23 24 26
7 19 23
7 8 13 24
1 8 11 12 13 24 25
12 13 25 26
13 26 27 28
13 14 23 28
22 23 28 37 46
46 47
20 29 30 31 32 46
13 14 19 20 26 28 29 32
13 15 16 26 32 33
16 17 33
13 17 18 23 24 28 29 33 34
18 34 35 36
18 19 20 23 26 35 36 37 46
22 23 26 32 33 34 35 46
22 45 46
22
22 23 24 29
24 25 26 29
26 27 29
27 28 29 45 46
27 28 38
20 28 46 47
36 40

38
43 44

41
41 47
30 35
20 21 22 28 29 30 35 37
21 37 44
