2 3 4 9 10 11 16
11
0 11 12 13 15 16
0 5 6 8 9 12 13 16 17
0 9
3 8
3 8 13 17
12 13
3 5 6 12
0 3 4 11 12
0
0 1 2 9
2 3 7 8 9
2 3 6 7 15 17
17 18
2 13 17 19
0 2 3 19
3 6 13 14 15 19
14 20
15 16 17 21
18 22 37
19 27
20 26 27 28 29 37
26 29 33 35 36 37
26 33 34 46
32 46
22 23 24 28 32 33
21 22
22 26 30 31 32 33
22 23 33 35 37 38 39
28 33 39 47
28 47
25 26 28 46 47
23 24 26 28 29 30 35 46 47
24 41 45 46
23 29 33 38 39 40
23 38
20 22 23 29
29 35 36
29 30 35
35 42
34 43 45
40 44
41 45
42 47
34 41 43 47
24 25 32 33 34
30 31 32 33 44 45
