3 6 7 8 9 12 13
3 9
8 9 20 22
0 1 7 8 18 19 20
6 7 18

0 4 13 14
0 3 4 13 15 16 17 18
0 2 3 12 16 17 20 21 22 26
0 1 2 11 12 22 23

9 23 37 38 47
0 8 9 16 23 24 26 46 47
0 6 7 15 16 46
6
7 13
7 8 12 13 25 26 46
7 8 20 21
3 4 7 20
3
2 3 8 17 18
8 17 26 27
2 8 9 26 28
9 11 12 26 28 29 37
12 26 29 32 33 37 45 46 47
16 32 45 46
8 12 16 21 22 23 24 28 32
21 32
22 23 26 31 32
23 24 31 32 33 34 36 37
35 36
28 29
24 25 26 27 28 29
24 29 44 45
29 36 37 39 41
30
29 30 34
11 23 24 29 34 39 47
11 47
34 37 41

34 39


33
24 25 33
12 13 16 24 25
11 12 24 37 38
