2 8 9 13 14
6 9 10
0 6 8
6 8
6 7 27
7 10 47
1 2 3 4 8 9 10
4 5 9 17 24 26 27 47
0 2 3 6 13 17 18
0 1 6 7 11 12 13 24 47
1 5 6 47
9 46 47
9 24 37 46
0 8 9 15 16 17 18 24
0 18
13 18
13 22 23 24 32 33 37
7 8 13 19 20 22 24 26
8 13 14 15
17 21
17 22 26 27 28
19
16 17 20 26 29 32
16 25 26 29 31 32 34 36 37
7 9 12 13 16 17 26 37 46 47
23 36 46 47
7 17 20 22 23 24 28 29
4 7 20
20 26
22 23 26 31

23 29 34
16 22 23 34
16 37 38 39 40
23 31 32 36 37 38
38 45
23 25 34 45 46
12 16 23 24 33 34 45 46
33 34 35 40 41 45
33
33 38
38
45

46
35 36 37 38 42
11 12 24 25 36 37 44
5 7 9 10 11 24 25
