2 3 4 9 22 23
19 22
0 19 23 32 33
0 6 8 23 24 33 37
0 6 8 9

3 4 8 37 38
24 26 27 28 37 38
3 4 6 11 23 24 26
0 4 11 22 23
13 20 21 22
8 9 13 17 20 23 26
16 17 26
10 11 15 16 20

13 20 21
12 13 18 20
11 12 20 23 24 25 26 32
16 20 32
1 2 22 23 32
10 11 13 15 16 17 18 22 23
10 15
0 1 9 10 19 20
0 2 3 8 9 11 17 19 20 32
3 7 8 17 26 28 29 32 33 37
17 27 28 29
7 8 11 12 17 24
7 25
7 24 25 37 45 46 47
24 25 31 32 33 45 46
45
29
2 17 18 19 23 24 29
2 3 24 29 36 37 46
36

33 34 46
3 6 7 24 28 33 46 47
6 7 47

42

40
47
46 47
28 29 30
28 29 33 36 37 44
28 37 38 43 44
