2 3 6 13 14
13 15
0 11 12 13
0 6 7 9 10 11 12
7 9
7
0 3 12 13 14
3 4 5 9 12
11 12
3 4 7 11
3
2 3 8 9
2 3 6 7 8
0 1 2 6 15
0 6
1 13
46 47
21 22 23 47
20 21 23 39 40 47
21 34 38 39
18 22 23 28 29 33 34 37 38 40
17 18 19 33
17 20 27 28 32 33
17 18 20 26 28 40 41 46 47
26 28 37 40 41

23 24 28 46
22 32
20 22 23 24 26 31 32 37
20 31 32 33 34 36 37
36 37
28 29
22 27 28 29
20 21 22 29
19 20 29 36 38
38
29 30 34 38
20 24 28 29 30 40
19 20 34 35 36 40
18 19
18 20 23 24 37 38 42
23 24 43 44 46 47
40
41
41 46

16 23 26 41 44
16 17 18 23 41
