2 7 9 23 24 25
9
0 7 8 9 10
6 7 8 11 12
6 7

3 4 12 13 14 36
0 2 3 4 13 14 23 24
2 3 10 11 12 13 23 32 33
0 1 2 23 30 32
2 8
3 8 34
3 6 8 33 34 35 36
6 7 8 16 22 23 33 36 37
6 7 16 24
24 27
13 14 22 23 24 26 27 28
20 22 28 37 38
20 38

17 18 22 37 46 47
28 29 31 47
13 16 17 20 28 29 32 33 37 47
0 7 8 9 13 16 26 29 32
0 7 14 15 16 26
0
16 23 24 28 29
15 16
16 17 21 22 26
21 22 23 26 31 32
9 32
21 29 47
8 9 22 23 29 30 47
8 12 13 22 35 37 45 46 47
11 12 44 45
12 33 37 39 42 44 46
6 12 13 39
13 17 20 22 33 35 39 46
17 18 40
35 36 37 41 42
38
39
35 39 44 46

34 35 42 46
33 34 47
20 33 35 37 42 44
20 21 22 31 32 33 45
