2 3 8 9
9 10
0 5 6 9
0 5 6 7 8

2 3
2 3 8 9 12 16 17
3 17 19 20
0 3 6 16 20
0 1 2 6 11 15 16
1
9 13 14 15 16
6 16 17
11 16 23 29
11 29 30
9 11 29 30
6 8 9 11 12 13 20 23 29
6 7 12 19 20 23
22 23 24 38 44 46
7 17 21 22 38 39 43
7 8 16 17 22 23 32
19 34 36 39
18 19 20 24 32 33 34 36 37 38
13 16 17 18 20 28 29 32
18 22 26 28 33 37 46 47
27 47
24 28 33 47
25
23 24 26 32 33
13 14 15 16 23 31 32
14 15
29
20 22 23 28 29 34
22 24 26 28 35 37
21 22 32 36
33 37
21 22 34 38 39
22 24 33 35 46 47
18 19 22 36 42 43 44 46
19 21 36 41 43

39 43
38 44 45
19 38 39 41
18 38 42 46
42
18 24 37 38 44
24 25 26 37
