2 3 7 11 12
12
0 5 6 12
0 5 6 7

2 3
2 3 8 12
0 3 11 12
6 12 13
11 12 13 14

0 7 9
0 1 2 6 7 8 9
8 9
9



21 22
21
22 23 26 27 32 47
18 19 27
18 20 27 28 29
20 26 28 29 30 31 32
26 28 30 31 33 34 35 36 37 38
33 35 38 39 41 42 43
20 23 24 28 32 33 39 43 46 47
20 21 22 39 47
22 23 24 26 37 38 39
22 23 37
23 24 36 37
23 24 33 34
20 23 26 46
24 25 26 31 42 46
24 31 36
24 25 38
24 30 34
24 28 29 30
24 25 28 35
25 26 27 28 43
43 44
25 43 44
25 33 45 46
25 26 39 40 41 45 46 47
40 41
42 43
26 32 33 42 43
20 26 27 43
