2 3 12 16 17 19 20 23 35 36
19 20
0 4 6 12
0 7 12 13 15 16 36
2 6 7
7
2 4 9 12
3 4 5 9 12 13 14
13 14 22 26
6 7 11 12 22

9 20 21 22
0 2 3 6 7 9 20 22 23
3 7 8 15 16 22 23 26 27 28
7 8 27
3 13 27 44 46 47
0 3 13 23 28 29 36 37 46 47
0 19 23 24 29 34 35 37
20 21 23 24
0 1 17 35
0 1 11 12 18 23
11 18 23 25
8 9 11 12 13 25 26
0 12 13 16 17 18 20 21 25 28
17 18 28 29
21 22 23 28
8 13 22 28
13 14 15 46
13 16 23 24 25 26 46
16 17 24 31 32 33 37 46
33
29 46
29 37 38 45 46 47
29 30 37
17 37
0 17 19 37
0 3 16 47
16 17 29 32 33 34 35 47
32 47





15 47
32 47
15 16 27 28 29 31 32
15 16 32 36 37 38 44 45
