2 3 12 13 15 16 17 46
46
0 12 37 46 47
0 11 12 16 17 23 24 25 37
11 12 25
7 11
8 11 12 13
5 9 10 11
6 13
7 11 13 16
7 24
3 4 5 6 7 9 13 16 24
0 2 3 4 6
0 6 8 9 11 15 16

0 13 18
0 3 9 11 13 18 20 24
0 3 20 23 33 35 36 37 46
15 16 20 34 35
34
16 17 18 22 23 24 33 34
29 30 33 34
20 24 28 29
3 17 20 25 26 28 29 32 33 37
3 10 11 16 20 22
3 4 23 28
23 28 32 37

22 23 25 26
21 22 23 31 32 33
21 33
29 41
23 26 29 36 37 38 41
17 20 21 23 29 30 35 36
18 19 20 21
17 18 33 45
17 32 33 38 42 43 45 46
2 3 17 23 26 32 46 47
32 36 41 42 43 47
41 42

31 32 38 39
36 38 39 44
36 38 45 46 47
42
35 36 43
0 1 2 17 36 37 43
2 37 38 43
