2 3 7 12 22 25 26

0
0 6 7 11 21 22
6 21
9
3 4 8 9 10 11 20 21
0 3 11 12 13 20 22 23 26 28
6 10 13 15 16 17 20 28 32
5 6 16 17
6 8 13
3 6 7 13
0 7 26 27
7 8 10 11 27 28
27 28 30
8 28 30 31 32
8 9
8 9 20 32 46
20 33 46
21 22 24 33 34
6 7 8 17 18 22 23 32 33
3 4 6 19
0 3 7 19 20 24 25
7 20 25 26 28 29 32 33 37
19 22 33 34 36 37
0 22 23
0 7 12 23 28
12 13 14
7 8 13 14 15 23 26 30 32
23 31 32 37 38 47
14 15 28
15 29 47
8 15 17 20 23 28 29 46 47
18 19 20 23 24 37 46 47
19 24 36

24 34
23 24 29 33 47
29 47
42 47
42
43
39 40
41 45
46
43
17 18 32 33 44
29 31 32 33 37 38 39
