2 3 7 8

0 7
0 7 11
7 11
10 11
8 9 10 11
0 2 3 4 11
0 6 11 12 13 41
6 12 13 16 17 22 46 47
5 6 12 16 21
3 4 5 6 7 8
8 9 10 14 15 16
8 9 17 38 39 41 47
12 16 17 18 38
12 19
9 10 12 14 18 19 20 21 22
9 13 14 22 23 28 37 38 47
14 16 20 23
15 16
16 18 22 23 24
10 16
9 16 17 20 24 28 46
17 18 20 26 27 28
20 22 26

23 24 28 32
23 29 37
17 22 23 26 32 33 37 46 47
27 31 32 33 34 37

29
26 28 29 45
28 29 42 43 45 46 47
29 37 39 40 42 47
39 40
38 39
17 27 28 29 34 39 47
13 14 17 36
13 34 35 36 37 41 47
34 35 42
8 13 39 47
33 34 40 47
33 45 46

32 33 43
9 22 28 33 43
9 13 17 28 33 34 37 39 41 42
