3 9 20 21
3 8 20 21
4 5 7 8
0 1 5 6 8 9
2
2 3 7
3 8 9 11 12
2 5 12
1 2 3 6 12 13 17 20
0 3 6 11 17 20
17
6 9 16 17
6 7 8 16 17
8 15 17 18

13 17 18
11 12
8 9 10 11 12 13 15 20
13 15 20
21 22
0 1 8 9 17 18
0 1 19 36
19 26 33 36 37
26 29 30 33
26 27 28 29
27
22 23 24 29 37 47
24 25 47
24 40 46 47
23 24 26 31 32 33 37 46 47
23 33
29 46
29 34 37 38 45 46
22 23 29 30 36 37
32 36

21 22 33 34
22 26 29 32 33 47
32 45 46 47
41 42 43 44 46 47
28 44 46
39 43
39
39 41
39 40 46
32 38
28 29 31 32 38 39 40 44
26 27 28 29 37 38 39
