6 7 9 10 11
6
6 11
5 6 11 13
6
3 7 13 14
0 1 2 3 4 11
0 5 9 11 12 13 14
12 14 15 16 17 43
0 7 12
0 12
0 2 3 6 7 13
7 8 9 10 16 17
3 5 7 11 16
5 7 8 16
8 43
8 12 13 14 18
8 12 41 43
16 21
21 22 24
22 23 24 26 32 33 35 36 37
18 19 34 35 36
19 20 33 34
20 26 29 33
19 20 26

20 23 24 28 29 32 37
37 47
26 31 32 47
23 26 32 33
32 33
28 47
20 26 28 29 30 35 37 46 47
20 22 23 29 30 35
21 22
20 21 32 33 45 46
20 21 38 39 40 45 46
20 26 27 32 46 47
36 40 46
36 41 42 45
36 38
17 39
39 44
8 15 17
42
35 36 39
32 35 36 37 38
27 28 31 32 37
