8 9 11 13 16 17
8
8 9
7 8 9 18
7 8
8
8 15 16 17
3 4 17 18
0 1 2 3 4 5 6 17
0 2 3 11 12 17 18
12 19
0 9 13
9 10 14 17 18 19
0 11 16 17
12 17
6 17
0 6 13
0 6 7 8 9 12 13 14 15
3 7 9 12
10 12 21
22 23 32 33
19 33
20 24 29 33 34 41
20 25 28 29 32
22 26 29 35 38 40 41 46
23 28 46
24 28 29 35 36 37 46 47
29 30 36
23 25 26 32
22 23 24 26 27 32 33 34 35
27 32 33

20 23 28 29 30
20 21 22 29 30
22 29
24 26 29 37 38
26 27
26 35 45 46 47
24 35 40 42 43 44 45 46
42 44 45
24 38 42 46
22 24
38 39 40
38
38 39
37 38 39
24 25 26 37 38 40
26 37
