2 3 8 11 17
14 15 17
0 16 17 26 27
0 5 6 8 26 27
27
3 27 28 46
3 8 22 26 28 29 30 46
9 22
0 3 6 11 12 17 22 23 26
7 11 12

0 8 9 13 14 17
8 9 22 23
11 17 18 19 23
1 11 17
1 17 18
2 18 24 25 26
0 1 2 8 11 13 14 15 23 26
13 15 16 20 23 24
13
18 23 24 32
23 29 31 32
6 7 8 12 29 30
8 12 13 17 18 20 21 26 29
16 18 20 26 29 32 37
16 27 28 37 40
2 3 6 8 16 17 23 24 28 29
2 3 4 5 25
5 6 25 26 37 40 41 46 47
6 21 22 23 24 26 31 32 37 47
6 22 46 47
21 29 33 47
20 21 24 29 36 37
31 36 37 39 47
36

32 33 34 38
24 25 28 29 32 33 39 40 47
36 40
33 37 41 42 47
25 28 37 38
28 39 46 47
39 47



5 6 28 30 41
28 29 30 31 33 37 39 41 42
