2 9 11 12
3 8 9 10
0 4 6 9 13
1 6 8
2 6
13 14 15 45 46
2 3 4 8 9 13 46 47
9 17 29 33 37 46 47
1 3 6 10
0 1 2 6 7 11 12 13 17 33
1 8 33
0 9 18 19 33
0 9 17 18 19 20 22 23
2 5 6 9 16 17 22 46
5 16 22
5 28 45 46
13 14 22 23 26 27 28 46
7 9 12 13 23 26 29 32 33 46
11 12 23 32 33
11 12
12 22 23

12 13 14 16 20
12 16 17 18 20 26
26 27
27
16 17 23 24 28 29 32
16 24 25
15 16 26 46
7 17 26 31 32 37 46
38 42 43
29 37 38
17 18 26 29 34 37
7 9 10 11 17 18 37
32 36 37

34
7 29 31 32 33 34
30 31 41
41

38 39
30
30

5 15 47
5 6 7 13 15 16 17 28 29
6 7 45
