7 8 11 12 13 16
3 7 13
5 7
1 5 6 7 13 15 16
6 15
2 3
3 4 16 17
0 1 2 3 16
0 11 16 17
11 12 16 17
12
0 8 9
0 9 10 14 16
0 1 3 15 16
12
3 4 13
0 3 6 7 8 9 12 13
6 8 9
25
21 25
23 24 25 33 35 36
19 23 25 26 36
26 29 45 46 47
20 21 26 28 32 33 36 37 46 47
20 26 28 33
18 19 20 21
21 22 23 24 28 29
29
23 24 26 30 31 32 47
22 26 27 47
28 47
28
23 28 37 47
20 23 24 35 37
37
20 33 37
20 21 23 46
23 32 33 34 35 46
42 43 46
42 43
43
43 44
38 39 44 45 46
38 39 40 41
41 42 46 47
22 42
22 23 36 37 38 42 44
22 23 28 29 30 32 44
