2 3 6 16
16
0 13 15 16
0 6 7 13
7
7 8
0 3 8 12 13 16
3 4 5 9 13
5 6 12
7 11 12 13
14
9 13 14 15 17
6 8 9 16 17
2 3 6 7 9 11 15 16
10 11
2 11 13 17
0 1 2 6 12 13
11 12 15
27 28
23 28 40
22 23 28 32 33

20 33 35 36 37 40
19 20 26 27 28 29 33 37 40
26 29 30 33 34 35 37 47
46 47
23 24 37 38 46
18 23 29
18 19 20 23 32
23 24 27 31 32 33
24 34
29 33 34
20 28 29
20 22 23 24 29 31 35
24 30 31
22 24 33 37 47
22 41 42 43
22 23 24 26 35 40 41 46 47
26 40 41 46

19 22 23 37 38
36 37 38
36
36


25 26 37 38
24 25 35 37
