2 6 8 28
5 6 30
0 6 7
5 6 7 32 33

1 3 30 31 32
0 1 2 3 8 11 28 29 30 32
2 3 10 11 33
0 6 11 12 28
11 12 13
7 33
6 7 8 9 17 29 32 33 36
8 9 16 17 23 26 28 29
9 16 17 18
16 18 19
19 24 25
12 13 14 19 20 23 24 25 26
11 12 13 19 20 29 36 37
13 14
14 15 16 17 38
16 17 23 24 29 37 38 47
24 41 42 47
24 42 44 45 46 47
12 16 20 26 27 28 29 46 47
15 16 20 21 22 42
15 16
12 16 23
23 45 46
0 6 8 12 23 30 46
6 11 12 17 20 23 31 32 37 47
1 5 6 28 46 47
5 29 37 47
3 5 6 11 29 36 37
3 7 10 11 35 36

33
11 17 32 33
17 20 29 31 32
19 20


21
21 22 24 44

22 42
22 27
22 23 27 28 30
20 21 22 23 29 30 31
