2 6 8 9 16
9 10
0 6 10 15 16
5 6 15 17 18 19
19 41 44 45
3 17 19
0 2 3 16 17
12 16 17
0 12 16
0 1 11 16
1 2 15 16
9 13 16
7 8 16
11 15 16 17
18
2 3 10 13 17 18
0 2 6 7 8 9 10 11 12 13
3 5 6 7 13 15
3 14 15
3 4 5 21
24 25
19 24
24 29 47
26 28 29 30 32 37 46 47
20 21 22 26 27 29 46
20 27
23 24 28 32 33 46
24 25 29
23 26 30 31 32
22 23 24 27
23 28
28
23 26 28 37
26 36 37 43 46
36 43
39 42
33 34 38 39 42 43 44 45 46
23 32 33 46 47
36 45 47
35 36 41 42 45
42
4 39 44 45
35 36 39 40 44
33 34 36
4 36 41 42 46
4 36 38 39 41 47
23 24 26 33 36 37 44
22 23 37 38 45
