7 8 9 13
7 8
7
5 6 7 8

3 12 19 21 22
3 8 12 13 15 21
0 1 2 3
0 1 3 6 12 13
0 11 13

9 13 16 17 18
5 6 8 16 18 19 20 21
0 6 8 9 11 15 16
16
6 13 21 27
11 12 13 14 20 21 26 27
11 20 26
11 12 20
5 12 22
12 16 17 18 22 25 26 28
5 6 12 15 16 27 28
5 19 20 24 28
28 32 33 35 36 37 46
22 28 29 31 32 37
20 28 29 30
16 17 20 28
15 16 21
20 21 22 23 24 25 26 33
24 25 31 32 33
25
24 29
23 24 29 37 46
23 28 29 46 47
46 47
23 46
23 40 42 44 45 46
23 24 32 40
40
41
36 37 38 42 44
39
36 40 44

36 40 42
36
23 32 33 34 35 36
33 34
