2 3 5 7 8 12
12
0 12 15 16 17 18
0 5 7 16 17

0 3 7
8 9
0 3 5 9 10 11 12 16
0 6 12 13
6 7 11 13
7
7 9 13 14 16
0 1 2 7 8 14 15 16
8 9 11
11 12
2 12 18
2 3 7 11 12
2 3
2 15 27
21 27 28
22 27 28 29 30 31
19
20 28 29 32
25 29 32 33 34
29 33 34 35 36 37 45 46 47
23 28 29 35 36
28 29 30 36 37
18 19 20 30
19 20 22 25 26
20 22 23 24 25 26 31 32 37 47
20 26 27 37 39
20 29 47
22 23 29 47
23 24 46 47
23 24
24 25
24 25 26 45
24 26 29 30 39 45 47
40 41 43 45
30 37
38
38 43

38 41 45

24 36 37 38 43
24 33
24 29 31 32 33 37
