2 6 7 8 9
6
0 6 9 13
6 7 9 11 13 16
6 7

0 1 2 3 4
0 3 4 9 11
0 10
0 2 3 7 11 12 13
8 12
3 7 9 16 17
9 10 15 16 17
2 3 9 15 16
21
12 13 20 21
3 11 12 13 20 21 24
11 12 20 24 25
20 23 25
23 32 33 34 36
15 16 17 18 22 23 24 33
14 15 16 33
20 24 28 29 30 32 33
18 19 20 25 26 27 28 32 36
16 17 20 22 26 29
17 18 23
23 24 28 29 46
23 36 37 47
22 23 26 30 31 32 37 46 47
22 24 26 46
22 28
28 37
19 22 23 28 34 35 36 37
19 20 21 22
19 32
32 37
19 23 27 32
27 28 31 32 35 47
47



44

42
47
26 28 29
27 28 37 38 45
