2 3 10 11 12
10
0 7 10
0 6 7 11 12 36
6 36
19
3 4 8 11 17 19 36 37
2 3 9 10 11
6 17 19
7 11 16 17
0 1 2 7
0 3 6 7 9 13 16 17 37
0 3 36 37 38 39
11 15 16 22 23 37 39
23 39 40 41 42 45 46
13 22
9 11 13 22
6 8 9 11 19 20 22 37
20 21
5 6 8 17
17 18 22 24 29 33 37
18 24
13 15 16 17 20 24 37
13 14 26 33 37 38 39 46 47
20 21 22 26 28 29 33
28 46
23 24 28 32 33 46 47
31 32
24 25 26 30 32
20 24 32 33
28 32
27
26 27 28 29 30
20 23 24 26 29 37 38
36 38
38
3 4 6 12 34 38
6 11 12 13 17 20 22 23 33
12 23 33 34 35 36 47
12 13 14 23 41 47
14 45 46 47
14 39
14 45
45

14 40 42 43
14 23 25 26 40
23 26 38 39 40
