2 3 6 7 11

0 4 6
0 5 6 8 9 11
2
3 8
0 2 3 8
0 11 12
3 5 6 11 12 13
3 11

0 3 7 8 9
7 8
8

20
20 32 37
20 23 26 29 32 37 41 46 47
23 41 47
22 23
15 16 17 22 23 26
24 25 26
19 20 24
17 18 19 20 26 28 47
21 22 26 28
21 27 31
17 20 21 23 24 28 29 31 32
25 29 30 31
23 24 26 47
17 26 27 32 33 46 47
27 32 33
25 26 27
16 17 26 29 30 35 37
29 30 35 37 45 46
36 45
32 33 37
34 38 45
16 17 32 33 35 41 45 46
36 41 42 45
41 42

17 18 37 38 39 46
38 39 45 46
45 46

33 34 36 37 38 42 43
17 29 33 37 41 42 43
17 18 23 28 29
