2 8 12 16 23
3 6 7 8 11 12 24
0 23 24
1 5 6 24
24 25
3 11 21 24
1 3 11
1 9 10 11
0 1 12 13
7 11 12 13 18 19 20
7 19
1 5 6 7 9 20 21 24
0 1 8 9 16 17 20 22 23 24
8 9 16 17 18
16

0 12 13 14 23
12 13 20 22
9 13 20
9 10
9 11 12 17 18 22
5 11 24 25 26
12 17 20 24 25
0 2 12 16
1 2 3 4 5 11 12 21 22
4 21 22
21 28 29
29 30
26 32 37 46
26 27 31 32 37
27 32
29 33
28 29 30 37 47
31 37 47
36 47
40 44
34 38 40 44 45 46 47
28 29 32 33 46 47
36 40

35 36 38 44
44

45
35 36 40 41
36 43
28 36 37
32 33 34 36 37
