2 3 7 12 13 17 23 28
7
0 5 6 7
0 5 6 13 14 15 16 28
14 15
2 3
2 3 8 13 14
0 1 2 11 12 13
6 10 11 13
11 12 13 26
8
7 8 9
0 7 9 23 26
0 3 6 7 8 9 26 27 28
3 4 6 27
3 4 27 28 30 46
3 19 28 29 46 47
0 19 20 22 23 28 29
20 21
16 17 47
17 18 22 29 37 47
18
17 20 24 29 33 34
0 12 17 26 28
22 26 28 29 30 33
27 30
9 12 13 23 24 28
13 14 15 25 30
0 3 13 15 16 17 23 24 26 30
16 17 20 22 24 32 33 37 46 47
15 24 25 27 28 32 46

29 30 37 46
22 24 29 36 37
22

33
20 29 32 33 47
44 47
42 43 44
42

39 40
39
38 39
47
15 16 29 30 32
16 19 20 29 37 38 45
