2 3 6 7 17 19 20 23 25 26
7 26
0 6 26 27 28
0 5 6 13 20 23 28 33 37
33 35 36 37
3 13 14 36
0 2 3 13 16 17
0 1 17 18
16 17 18
11 12 16 17
17 18 19
9 13 17 20 21
9 14 16
3 5 6 11 16 17 20 36 37
5 12 16 36

6 8 9 12 13 14
0 6 7 8 9 10 11 13 19 20
7 8 10
0 10 17 24 25
0 3 11 13 17 22 23 24 37
11 37 38 39 40 41 42
20 24 32 33 34 37 40 41
0 3 20 25 26 28 32 33 46 47
19 20 22 41 44 45 46
0 19 23 46
0 1 2 23 28 47
2
2 3 23 26 33 47
31 32 33 47

29 47
22 23 29 46 47
3 4 22 23 28 29 37
22 37 38 40
4 37 38
4 5 13 14
3 4 13 20 21 22 33 34 35
21 34 35 40
21 42
21 22 34 38
21 22 24 44
21 39

24 41
24
23 24 25 32
23 26 28 29 31 32
