2 3 4 8 9
8
0 7 8
0 5 6 7 9
0 9 14
3 14 17
3 9 12 13 14 16 17
2 3 9 11 12
0 1 2 11
0 3 4 6 7 11 13 14
13
7 8 9 13
6 7 16
6 9 10 11 15 16
4 5 6 9 17
13 17
6 12 13
5 6 14 15

21
22 23 24 37
19
20 24 46 47
20 26 29 30 47
20 22 26 29 33 37 46
28 33 34 43 44 45 46
23 24 28 29 43 46 47
29 30 31
25 26 32 33 34 40 42 43
23 24 26 27 31 32 33 37
23 27
27 29
28 29 38 39 40
24 25 28 29 35 36 37 38 39
25 28 39 40 42
33 39
33 38
20 24 29 33
32 33 36
32 33 34 35
28 32 34 42

28 34 40
25 26 28
25 46
25
22 24 25 26 44
22 23 26
