2 3 4 23 24 26 34
22 23 34 35 36
0 5 6 7 17 22 26
0 5 6 12 13 25 26
0
2 3
2 3 8 9 12 13 16 17
2 17 18
6 16 18
6 11 12 16
15 16
9 13 14 16
3 6 9
3 6 11 16 17 25 26 28
11 16 28
10
6 8 9 10 11 13 14 18
2 6 7 13 20 22 26 28
7 8 16

17 22 28 29
29 36 37
1 2 17 20 26 29 36
0 1 26 29 32 33 34 36 37
0 26 27 32 33
3 13 27
0 2 3 13 17 22 23 24 28 29
24 25 29 30 32
13 14 17 20 26
20 21 22 23 26 27 32 37
27 32
47
23 24 27 29 30 37 46 47
23 24 45 46 47
0 1 23
1 40
1 21 22 23
21 23 29 32 46
44 46
41 42 44 45
35
39
39 44 45

38 39 42 46
33 39 42
32 33 37 38 44
31 32 33
