2 3 7 8 9 11 12 13 15 16
8 13 14 15
0 7 13
0 5 6 7 11 12

3 11
3 9 10 11
0 2 3 9
0 1 15
0 6 7 11
6
0 3 5 6 9
0 3 16
0 1 2 16 17
1 16 17
0 1 8
0 12 13 14
13 14

21
22 23 32 33
19 33
20 24 29 33 47
20 29 31 32
22 29 30
29 30 47
28 29 37 43 44 46 47
38 39 43 44
26 30 31 37 38
22 23 24 25 26 31 32 33 37 47
24 25 28
23 28 29
20 23 29 36 37
20 21 22 29 37 46 47
36 37 42 46

32 34
26 28 29 32 33 34 43 46
27 28 40 43
27 41 43
38
39 43
34 45 46
26 27 37 38 39 41 45 46
26 27
42 43
26 33 34 37 42 43
22 25 26 29 33
