7 8 9 11 17
7 11 12 33
6 7 12
6 12 13 25

15
2 3 13 15 16
0 1 2 12 13 16 17
0 11 12 13 17 20 23 24 26 29
0 11 20 29 30
30 31 45 46
0 1 8 9 26 30 32 33 46
1 2 3 7 8 25 26 33 34
3 6 7 8 16 23 24 25
16 23
5 6
6 7 13 14 18 23
0 7 8 20 23
16 23
22 23
8 9 17 22 23 29
29
19 20 24 28 29
8 13 14 16 17 18 19 20
8 13 22 26 27 28 29
3 12 13 27 34
8 11 12 24 29 30 32 34
24 25
22 24
8 9 20 21 22 24 26
9 10 11 26 32
10 45 46 47
11 26 30 34 36 46 47
1 11 12 36 37 46
12 25 26 32 36

32 33 34 47
33 39 46 47

37 41

39 44
44

41 42
10 31
10 11 31 32 33 37
31 32 36 37
