3 16 17 18
3 12 17 18
4 5 12
0 1 12 13 16
2 13
2 12 13
10 11 12 13 15
9 11 12
11 17 24 25 33 36 46
7 11 33 34 35 36 45
6 15 44 45
6 7 8 9 15 16 17 45 46
1 2 3 5 6 7 16 17
3 4 5 6 15 16
16
6 10 11 13
0 3 11 12 13 14
0 1 8 11 12 23 25 46
0 1 23 25
23 26
22 23 26 29
23
20 24 29 32 46 47
17 18 19 20 21 25 26 46
8 22 26 28 29 32 33 37 46
8 17 18 23 27
19 20 23 24 28 29
25
24 26 37
20 22 24 26 31 32

29
22 24 29 37 47
8 9 24 36 37 38 45 46 47
9 38 39 42 44 45
9 38 39
8 9 33 38
24 28 32 33
33 34 35 36
34 35 41 42

39
34 39 44

10 34 42
9 10 11 33 34 47
8 11 17 22 23 24 33
22 32 33 45
