3 4 6 22 23 28 43 46
4 28 43
4 28 29 30
0 6 9 13 15 23 28 29
0 1 2 6

0 3 4 9 22
9 10 21 22
10 11 12 20 21
3 6 7 12 13 16 20 22 23
7 8 16
8 16 17
8 9 16 17 18 19 20 24 33
3 9 15 16 23 24 26 29 32 33
16 17 32 33
3 13 29
9 10 11 12 13 14
11 12 14 33
12 33 34 35
12 24 35
8 9 12 22 23 24 47
7 8
0 6 7 9 20 46
0 3 9 13 20 26 27 28 46 47
12 13 19 20 26 33 35 37 47
27 37 47
13 23 24 28 29 32 37 38 40
23 25 42 43 45 46 47
0 1 2 3 23 26 40 42 43
2 3 13 15 26 31 32 40
2 40
29 38 39 40
13 14 26 29 37 38
12 13 14 17 18 24 35 37
18 36
18 19 24 33 37
34
24 25 26 32 33 35
26 31 32 40
31 41
26 28 29 30 31 38 42
39
27 28 40 44
0 1 27 28 45 46
42
27 43
0 22 23 27 43
20 23 24 25 27
