2 3 4 5 6 8 12 13
12
0 4 11 12
0 6 8 10 11
0 2
0
0 3 8 9
9 13 14 15 16 17
0 3 6 10 11 12 13
6 7 16 17
3 8
2 3 8
0 1 2 8
0 7 8
7
7 18
7 9 18
7 9
15 16

22 23 24 29 31 32
30 31
20 29 30 47
20 25 26 28 29 46 47
20 26 32 33
23 27 46
23 24 28 29 32 33 34 37 41
25 41 44 46
23 26 41 42 43 44 46 47
20 22 23 26 31 32 37 42
21 22
20 21 29 36
20 24 26 29 35 36 37
24 26 35
26 37 38 40 41
32 33 37 38
31 32
26 29 32 34 35 39 41 42
34 35 40
37 41 42
34 38
26 27 28 34 37 39 43
28 29 37 39
28 41
27 28 46
47
23 25 27 28 44
22 23 28 45
