2 3 9 10 11 12
9
0 8 9
0 6 7 8 11 12


3 12 13
3 11 13
2 3 11
0 1 2 11
0
0 3 7 8 9 13
0 3 6
6 7 11 15
16
13 17 18
14 20 21 22 23
15 20 23
15 20

16 17 18 23 26 28
16 28
16 28 29 41
16 17 20 26 28 29 30
26 29 30 31 32 33
33 34
20 23 24 28 33
33 47
20 21 22 23 26 33 46
22 23 24 32 33 39 41 46
23 24
24
24 29 34 37 39
24 25 26 27 28 29 37 46 47
25 32 37
37 47
38 47
32 33 34 35 39 46 47
36 44 45 46
29 32 37 41 44 46
43 44
22 29 39 44 45 46
44 45
40
38 39 40 41 42
38 41 42
28 29 33 37 38 39 41
27 33 35 36 37
