5 6 9 10 11 12
3 4 6 12
12 14 16
1 6 7 16
1 6
0 9
0 1 3 4 8 9 12 16 17
3 16 22
6 17 20 22
0 5 6 11 17 18
0
0 9 13 17 18 46
0 1 2 6 14 16 17
11 17 24 37 46 47
2 12 16 24
24
2 3 6 7 12 14 22 24
6 8 9 11 12 13 20 22 24 47
9 11 20 46 47
28
8 17 18 22 23 28 47
23 29
7 8 16 17 20 24
20 21 25 26 28 29 47
13 14 15 16 17 22 47
23 35 36 37 47
23 28 29 32 33 34 35 36
33 34 36
19 20 23 26 36 47
21 23 26 32 33
33
33
26 29
26 27 29 30 31
26 27
25 26 38
25 26 27 28 38 39 47
13 25 39 46 47
35 36
36 37 45 46
44 45
44
44

40 41 42
39 40
11 13 18 37 39
13 17 18 20 23 24 25 28 36 37
