2 3 6 7 8 19 20 47
7
0 4 6
0 5 6 9 20 22 47
2
3 9
0 2 3 8 9
0 1
0 6 11 19 20
3 5 6 11 12 20 22
12 14 15
8 9 13 15 16 17 20 23
9 10 14 22 23 32 33
11 15 16 23 24 29 32
10 12 32
10 11 13
11 13 24
11 19 20 23 24 26 46

0 8 17 46
0 3 8 9 11 17 22 23 46 47
23 26 37 38 45 46 47
3 9 12 20 33
11 12 13 17 20 21 26 29 33 37
13 16 17 26 28 29
28
17 21 23 24 28 37 45 46
36 37 38 39 45
24 25 26 30 37
13 23 24 31 32 33 37
28 34 36 37
29 33 34
12 13 14 29
12 22 23 29 31 37
30 31 36 37

27 30 34 38
21 23 26 27 28 29 30 33 34
21 27 36 40 45
27 41 44 45
38
39 44 45
44

39 41 42
21 26 27 38 39 41
17 19 20 21 26
0 3 20 21
